([Text_ ((50.4375,7.0),0.0,#000000,0) 10 ["cons"] [26], Text_ ((13.5,42.0),0.0,#000000,0) 10 ["push"] [27], Text_ ((13.5,77.0),0.0
,#000000,0) 10 ["1"] [7], Text_ ((87.375,42.0),0.0,#000000,0) 10 ["cons"] [26], Text_ ((57.0,77.0),0.0,#000000,0) 10 ["save"] [26]
, Text_ ((57.0,112.0),0.0,#000000,0) 10 ["fact"] [19], Text_ ((117.75,77.0),0.0,#000000,0) 10 ["cons"] [26], Text_ ((97.5,112.0),0
.0,#000000,0) 10 ["pop"] [21], Text_ ((138.0,112.0),0.0,#000000,0) 10 ["cons"] [26], Text_ ((98.1875,147.0),0.0,#000000,0) 10 ["lo
ad"] [24], Text_ ((98.1875,182.0),0.0,#000000,0) 10 ["x"] [6], Text_ ((177.812,147.0),0.0,#000000,0) 10 ["cons"] [26], Text_ ((140
.688,182.0),0.0,#000000,0) 10 ["push"] [27], Text_ ((140.688,217.0),0.0,#000000,0) 10 ["1"] [7], Text_ ((214.938,182.0),0.0,#00000
0,0) 10 ["cons"] [26], Text_ ((182.688,217.0),0.0,#000000,0) 10 ["cmp"] [23], Text_ ((182.688,252.0),0.0,#000000,0) 10 ["gt"] [10]
, Text_ ((247.188,217.0),0.0,#000000,0) 10 ["fork"] [20], Text_ ((225.188,252.0),0.0,#000000,0) 10 ["none"] [28], Text_ ((269.188,
252.0),0.0,#000000,0) 10 ["cons"] [26], Text_ ((233.938,287.0),0.0,#000000,0) 10 ["load"] [24], Text_ ((233.938,322.0),0.0,#000000
,0) 10 ["fact"] [19], Text_ ((304.438,287.0),0.0,#000000,0) 10 ["cons"] [26], Text_ ((274.938,322.0),0.0,#000000,0) 10 ["load"] [2
4], Text_ ((274.938,357.0),0.0,#000000,0) 10 ["x"] [6], Text_ ((333.938,322.0),0.0,#000000,0) 10 ["cons"] [26], Text_ ((313.938,35
7.0),0.0,#000000,0) 10 ["mul"] [20], Text_ ((353.938,357.0),0.0,#000000,0) 10 ["cons"] [26], Text_ ((323.562,392.0),0.0,#000000,0)
 10 ["save"] [26], Text_ ((323.562,427.0),0.0,#000000,0) 10 ["fact"] [19], Text_ ((384.312,392.0),0.0,#000000,0) 10 ["cons"] [26],
 Text_ ((364.062,427.0),0.0,#000000,0) 10 ["pop"] [21], Text_ ((404.562,427.0),0.0,#000000,0) 10 ["cons"] [26], Text_ ((368.188,46
2.0),0.0,#000000,0) 10 ["load"] [24], Text_ ((368.188,497.0),0.0,#000000,0) 10 ["x"] [6], Text_ ((440.938,462.0),0.0,#000000,0) 10
 ["cons"] [26], Text_ ((410.688,497.0),0.0,#000000,0) 10 ["push"] [27], Text_ ((410.688,532.0),0.0,#000000,0) 10 ["1"] [7], Text_ 
((471.188,497.0),0.0,#000000,0) 10 ["cons"] [26], Text_ ((451.188,532.0),0.0,#000000,0) 10 ["sub"] [20], Text_ ((491.188,532.0),0.
0,#000000,0) 10 ["cons"] [26], Text_ ((464.062,567.0),0.0,#000000,0) 10 ["save"] [26], Text_ ((464.062,602.0),0.0,#000000,0) 10 ["
x"] [6], Text_ ((518.312,567.0),0.0,#000000,0) 10 ["cons"] [26], Text_ ((504.562,602.0),0.0,#000000,0) 10 ["pop"] [21], Dot #FF000
0 (471.062,270.0)],[[1, 3], [2], [], [4, 6], [5], [], [7, 8], [], [9, 11], [10], [], [12, 14], [13], [], [15, 17], [16], [], [18, 
19], [], [20, 22], [21], [], [23, 25], [24], [], [26, 27], [], [28, 30], [29], [], [31, 32], [], [33, 35], [34], [], [36, 38], [37
], [], [39, 40], [], [41, 43], [42], [], [44, 45], [], [8]])