([Repeat (Turtle ((111.0,111.0),0.0,#000000,0) 1.0 [Widg False (Turtle ((111.0,111.0),0.0,#000000,0) 1.0 [Widg False Wait, Widg Fa
lse (Fast (Poly ((111.0,111.0),0.0,#010203,0) 0 [88.0, 111.0, 111.0, 88.0, 88.0, 111.0, 111.0, 88.0, 88.0, 111.0, 111.0, 88.0, 88.
0, 111.0, 111.0, 88.0, 88.0, 111.0, 111.0, 88.0, 88.0, 111.0, 111.0, 88.0, 88.0, 111.0, 111.0, 88.0, 88.0, 111.0, 111.0, 88.0, 88.
0, 111.0, 111.0, 88.0, 88.0, 111.0, 111.0, 88.0] 9.0)), Turn 30.0, Widg False (Fast (Poly ((111.0,111.0),0.0,#FF0000,0) 0 [88.0, 1
11.0, 111.0, 88.0, 88.0, 111.0, 111.0, 88.0, 88.0, 111.0, 111.0, 88.0, 88.0, 111.0, 111.0, 88.0, 88.0, 111.0, 111.0, 88.0, 88.0, 1
11.0, 111.0, 88.0, 88.0, 111.0, 111.0, 88.0, 88.0, 111.0, 111.0, 88.0, 88.0, 111.0, 111.0, 88.0, 88.0, 111.0, 111.0, 88.0] 9.0)), 
Widg False Wait, Widg False (Fast (Poly ((111.0,111.0),0.0,#010203,0) 0 [88.0, 111.0, 111.0, 88.0, 88.0, 111.0, 111.0, 88.0, 88.0,
 111.0, 111.0, 88.0, 88.0, 111.0, 111.0, 88.0, 88.0, 111.0, 111.0, 88.0, 88.0, 111.0, 111.0, 88.0, 88.0, 111.0, 111.0, 88.0, 88.0,
 111.0, 111.0, 88.0, 88.0, 111.0, 111.0, 88.0, 88.0, 111.0, 111.0, 88.0] 9.0)), Turn 30.0, Widg False (Fast (Poly ((111.0,111.0),0
.0,#FF0000,0) 0 [88.0, 111.0, 111.0, 88.0, 88.0, 111.0, 111.0, 88.0, 88.0, 111.0, 111.0, 88.0, 88.0, 111.0, 111.0, 88.0, 88.0, 111
.0, 111.0, 88.0, 88.0, 111.0, 111.0, 88.0, 88.0, 111.0, 111.0, 88.0, 88.0, 111.0, 111.0, 88.0, 88.0, 111.0, 111.0, 88.0, 88.0, 111
.0, 111.0, 88.0] 9.0)), Widg False Wait, Widg False (Fast (Poly ((111.0,111.0),0.0,#010203,0) 0 [88.0, 111.0, 111.0, 88.0, 88.0, 1
11.0, 111.0, 88.0, 88.0, 111.0, 111.0, 88.0, 88.0, 111.0, 111.0, 88.0, 88.0, 111.0, 111.0, 88.0, 88.0, 111.0, 111.0, 88.0, 88.0, 1
11.0, 111.0, 88.0, 88.0, 111.0, 111.0, 88.0, 88.0, 111.0, 111.0, 88.0, 88.0, 111.0, 111.0, 88.0] 9.0)), Turn 30.0, Widg False (Fas
t (Poly ((111.0,111.0),0.0,#FF0000,0) 0 [88.0, 111.0, 111.0, 88.0, 88.0, 111.0, 111.0, 88.0, 88.0, 111.0, 111.0, 88.0, 88.0, 111.0
, 111.0, 88.0, 88.0, 111.0, 111.0, 88.0, 88.0, 111.0, 111.0, 88.0, 88.0, 111.0, 111.0, 88.0, 88.0, 111.0, 111.0, 88.0, 88.0, 111.0
, 111.0, 88.0, 88.0, 111.0, 111.0, 88.0] 9.0)), Widg False Wait, Widg False (Fast (Poly ((111.0,111.0),0.0,#010203,0) 0 [88.0, 111
.0, 111.0, 88.0, 88.0, 111.0, 111.0, 88.0, 88.0, 111.0, 111.0, 88.0, 88.0, 111.0, 111.0, 88.0, 88.0, 111.0, 111.0, 88.0, 88.0, 111
.0, 111.0, 88.0, 88.0, 111.0, 111.0, 88.0, 88.0, 111.0, 111.0, 88.0, 88.0, 111.0, 111.0, 88.0, 88.0, 111.0, 111.0, 88.0] 9.0)), Tu
rn 30.0, Widg False (Fast (Poly ((111.0,111.0),0.0,#FF0000,0) 0 [88.0, 111.0, 111.0, 88.0, 88.0, 111.0, 111.0, 88.0, 88.0, 111.0, 
111.0, 88.0, 88.0, 111.0, 111.0, 88.0, 88.0, 111.0, 111.0, 88.0, 88.0, 111.0, 111.0, 88.0, 88.0, 111.0, 111.0, 88.0, 88.0, 111.0, 
111.0, 88.0, 88.0, 111.0, 111.0, 88.0, 88.0, 111.0, 111.0, 88.0] 9.0)), Widg False Wait, Widg False (Fast (Poly ((111.0,111.0),0.0
,#010203,0) 0 [88.0, 111.0, 111.0, 88.0, 88.0, 111.0, 111.0, 88.0, 88.0, 111.0, 111.0, 88.0, 88.0, 111.0, 111.0, 88.0, 88.0, 111.0
, 111.0, 88.0, 88.0, 111.0, 111.0, 88.0, 88.0, 111.0, 111.0, 88.0, 88.0, 111.0, 111.0, 88.0, 88.0, 111.0, 111.0, 88.0, 88.0, 111.0
, 111.0, 88.0] 9.0)), Turn 30.0, Widg False (Fast (Poly ((111.0,111.0),0.0,#FF0000,0) 0 [88.0, 111.0, 111.0, 88.0, 88.0, 111.0, 11
1.0, 88.0, 88.0, 111.0, 111.0, 88.0, 88.0, 111.0, 111.0, 88.0, 88.0, 111.0, 111.0, 88.0, 88.0, 111.0, 111.0, 88.0, 88.0, 111.0, 11
1.0, 88.0, 88.0, 111.0, 111.0, 88.0, 88.0, 111.0, 111.0, 88.0, 88.0, 111.0, 111.0, 88.0] 9.0)), Widg False Wait, Widg False (Fast 
(Poly ((111.0,111.0),0.0,#010203,0) 0 [88.0, 111.0, 111.0, 88.0, 88.0, 111.0, 111.0, 88.0, 88.0, 111.0, 111.0, 88.0, 88.0, 111.0, 
111.0, 88.0, 88.0, 111.0, 111.0, 88.0, 88.0, 111.0, 111.0, 88.0, 88.0, 111.0, 111.0, 88.0, 88.0, 111.0, 111.0, 88.0, 88.0, 111.0, 
111.0, 88.0, 88.0, 111.0, 111.0, 88.0] 9.0)), Turn 30.0, Widg False (Fast (Poly ((111.0,111.0),0.0,#FF0000,0) 0 [88.0, 111.0, 111.
0, 88.0, 88.0, 111.0, 111.0, 88.0, 88.0, 111.0, 111.0, 88.0, 88.0, 111.0, 111.0, 88.0, 88.0, 111.0, 111.0, 88.0, 88.0, 111.0, 111.
0, 88.0, 88.0, 111.0, 111.0, 88.0, 88.0, 111.0, 111.0, 88.0, 88.0, 111.0, 111.0, 88.0, 88.0, 111.0, 111.0, 88.0] 9.0)), Widg False
 Wait, Widg False (Fast (Poly ((111.0,111.0),0.0,#010203,0) 0 [88.0, 111.0, 111.0, 88.0, 88.0, 111.0, 111.0, 88.0, 88.0, 111.0, 11
1.0, 88.0, 88.0, 111.0, 111.0, 88.0, 88.0, 111.0, 111.0, 88.0, 88.0, 111.0, 111.0, 88.0, 88.0, 111.0, 111.0, 88.0, 88.0, 111.0, 11
1.0, 88.0, 88.0, 111.0, 111.0, 88.0, 88.0, 111.0, 111.0, 88.0] 9.0)), Turn 30.0, Widg False (Fast (Poly ((111.0,111.0),0.0,#FF0000
,0) 0 [88.0, 111.0, 111.0, 88.0, 88.0, 111.0, 111.0, 88.0, 88.0, 111.0, 111.0, 88.0, 88.0, 111.0, 111.0, 88.0, 88.0, 111.0, 111.0,
 88.0, 88.0, 111.0, 111.0, 88.0, 88.0, 111.0, 111.0, 88.0, 88.0, 111.0, 111.0, 88.0, 88.0, 111.0, 111.0, 88.0, 88.0, 111.0, 111.0,
 88.0] 9.0)), Widg False Wait, Widg False (Fast (Poly ((111.0,111.0),0.0,#010203,0) 0 [88.0, 111.0, 111.0, 88.0, 88.0, 111.0, 111.
0, 88.0, 88.0, 111.0, 111.0, 88.0, 88.0, 111.0, 111.0, 88.0, 88.0, 111.0, 111.0, 88.0, 88.0, 111.0, 111.0, 88.0, 88.0, 111.0, 111.
0, 88.0, 88.0, 111.0, 111.0, 88.0, 88.0, 111.0, 111.0, 88.0, 88.0, 111.0, 111.0, 88.0] 9.0)), Turn 30.0, Widg False (Fast (Poly ((
111.0,111.0),0.0,#FF0000,0) 0 [88.0, 111.0, 111.0, 88.0, 88.0, 111.0, 111.0, 88.0, 88.0, 111.0, 111.0, 88.0, 88.0, 111.0, 111.0, 8
8.0, 88.0, 111.0, 111.0, 88.0, 88.0, 111.0, 111.0, 88.0, 88.0, 111.0, 111.0, 88.0, 88.0, 111.0, 111.0, 88.0, 88.0, 111.0, 111.0, 8
8.0, 88.0, 111.0, 111.0, 88.0] 9.0)), Widg False Wait, Widg False (Fast (Poly ((111.0,111.0),0.0,#010203,0) 0 [88.0, 111.0, 111.0,
 88.0, 88.0, 111.0, 111.0, 88.0, 88.0, 111.0, 111.0, 88.0, 88.0, 111.0, 111.0, 88.0, 88.0, 111.0, 111.0, 88.0, 88.0, 111.0, 111.0,
 88.0, 88.0, 111.0, 111.0, 88.0, 88.0, 111.0, 111.0, 88.0, 88.0, 111.0, 111.0, 88.0, 88.0, 111.0, 111.0, 88.0] 9.0)), Turn 30.0, W
idg False (Fast (Poly ((111.0,111.0),0.0,#FF0000,0) 0 [88.0, 111.0, 111.0, 88.0, 88.0, 111.0, 111.0, 88.0, 88.0, 111.0, 111.0, 88.
0, 88.0, 111.0, 111.0, 88.0, 88.0, 111.0, 111.0, 88.0, 88.0, 111.0, 111.0, 88.0, 88.0, 111.0, 111.0, 88.0, 88.0, 111.0, 111.0, 88.
0, 88.0, 111.0, 111.0, 88.0, 88.0, 111.0, 111.0, 88.0] 9.0)), Widg False Wait, Widg False (Fast (Poly ((111.0,111.0),0.0,#010203,0
) 0 [88.0, 111.0, 111.0, 88.0, 88.0, 111.0, 111.0, 88.0, 88.0, 111.0, 111.0, 88.0, 88.0, 111.0, 111.0, 88.0, 88.0, 111.0, 111.0, 8
8.0, 88.0, 111.0, 111.0, 88.0, 88.0, 111.0, 111.0, 88.0, 88.0, 111.0, 111.0, 88.0, 88.0, 111.0, 111.0, 88.0, 88.0, 111.0, 111.0, 8
8.0] 9.0)), Turn 30.0, Widg False (Fast (Poly ((111.0,111.0),0.0,#FF0000,0) 0 [88.0, 111.0, 111.0, 88.0, 88.0, 111.0, 111.0, 88.0,
 88.0, 111.0, 111.0, 88.0, 88.0, 111.0, 111.0, 88.0, 88.0, 111.0, 111.0, 88.0, 88.0, 111.0, 111.0, 88.0, 88.0, 111.0, 111.0, 88.0,
 88.0, 111.0, 111.0, 88.0, 88.0, 111.0, 111.0, 88.0, 88.0, 111.0, 111.0, 88.0] 9.0)), Widg False Wait, Widg False (Fast (Poly ((11
1.0,111.0),0.0,#010203,0) 0 [88.0, 111.0, 111.0, 88.0, 88.0, 111.0, 111.0, 88.0, 88.0, 111.0, 111.0, 88.0, 88.0, 111.0, 111.0, 88.
0, 88.0, 111.0, 111.0, 88.0, 88.0, 111.0, 111.0, 88.0, 88.0, 111.0, 111.0, 88.0, 88.0, 111.0, 111.0, 88.0, 88.0, 111.0, 111.0, 88.
0, 88.0, 111.0, 111.0, 88.0] 9.0)), Turn 30.0, Widg False (Fast (Poly ((111.0,111.0),0.0,#FF0000,0) 0 [88.0, 111.0, 111.0, 88.0, 8
8.0, 111.0, 111.0, 88.0, 88.0, 111.0, 111.0, 88.0, 88.0, 111.0, 111.0, 88.0, 88.0, 111.0, 111.0, 88.0, 88.0, 111.0, 111.0, 88.0, 8
8.0, 111.0, 111.0, 88.0, 88.0, 111.0, 111.0, 88.0, 88.0, 111.0, 111.0, 88.0, 88.0, 111.0, 111.0, 88.0] 9.0)), Widg False Wait, Wid
g False (Fast (Poly ((111.0,111.0),0.0,#010203,0) 0 [88.0, 111.0, 111.0, 88.0, 88.0, 111.0, 111.0, 88.0, 88.0, 111.0, 111.0, 88.0,
 88.0, 111.0, 111.0, 88.0, 88.0, 111.0, 111.0, 88.0, 88.0, 111.0, 111.0, 88.0, 88.0, 111.0, 111.0, 88.0, 88.0, 111.0, 111.0, 88.0,
 88.0, 111.0, 111.0, 88.0, 88.0, 111.0, 111.0, 88.0] 9.0)), Turn 30.0, Widg False (Fast (Poly ((111.0,111.0),0.0,#FF0000,0) 0 [88.
0, 111.0, 111.0, 88.0, 88.0, 111.0, 111.0, 88.0, 88.0, 111.0, 111.0, 88.0, 88.0, 111.0, 111.0, 88.0, 88.0, 111.0, 111.0, 88.0, 88.
0, 111.0, 111.0, 88.0, 88.0, 111.0, 111.0, 88.0, 88.0, 111.0, 111.0, 88.0, 88.0, 111.0, 111.0, 88.0, 88.0, 111.0, 111.0, 88.0] 9.0
))])])],[[]])