([Dot #FFFFFF (670.994,32.4822), Text_ ((22.0,32.4822),-154.0,#000000,0) 13 ["peter", "hans"] [43, 38], Circ ((22.0,101.482),-154.
0,#00FFF5,0) 22.0, Text_ ((95.5,32.4822),-154.0,#000000,0) 13 ["peter", "hans"] [43, 38], Text_ ((95.5,87.9822),-154.0,#000000,0) 
13 ["f"] [6], Circ ((59.75,146.482),-154.0,#FF8700,0) 20.0, Dot #FF0000 (59.75,198.482), Text_ ((131.25,146.482),-154.0,#000000,0)
 13 ["peter", "hans"] [43, 38], Text_ ((168.5,32.4822),-154.0,#000000,0) 13 ["peter", "hans"] [43, 38], Path0 ((254.371,32.4822),-
41.0,#0078FF,0) 2 [(0.0,0.0), (-15.0,0.0), (-15.0,-30.0), (-3.0,-45.0), (15.0,-30.0), (15.0,0.0), (0.0,0.0)], Tria ((254.371,96.39
54),-41.0,#000000,0) 15.0, Poly ((213.33,170.412),-41.0,#8700FF,0) 3 [33.0, 11.0, 33.0, 11.0, 33.0, 11.0, 33.0, 11.0, 33.0, 11.0] 
36.0, Dot #FF0000 (213.33,233.678), Text_ ((295.411,170.412),-154.0,#000000,0) 13 ["peter", "hans"] [43, 38], Text_ ((327.924,32.4
822),0.0,#000000,0) 13 ["peter", "hans"] [43, 38], Circ ((327.924,101.482),0.0,#00FFF5,0) 22.0, Text_ ((402.661,32.4822),0.0,#0000
00,0) 13 ["peter", "hans"] [43, 38], Text_ ((402.661,87.9822),0.0,#000000,0) 13 ["f"] [6], Circ ((366.911,146.482),0.0,#FF8700,0) 
20.0, Dot #FF0000 (366.911,198.482), Text_ ((438.411,146.482),0.0,#000000,0) 13 ["peter", "hans"] [43, 38], Path0 ((904.292,32.482
2),-41.0,#0078FF,0) 2 [(0.0,0.0), (-15.0,0.0), (-15.0,-30.0), (-3.0,-45.0), (15.0,-30.0), (15.0,0.0), (0.0,0.0)], Path0 ((648.966,
114.909),-41.0,#0078FF,0) 2 [(0.0,0.0), (-15.0,0.0), (-15.0,-30.0), (-3.0,-45.0), (15.0,-30.0), (15.0,0.0), (0.0,0.0)], Tria ((498
.918,197.336),-41.0,#78FF00,0) 11.0, Tria ((498.918,246.039),-41.0,#78FF00,0) 11.0, Text_ ((559.425,197.336),-154.0,#000000,0) 13 
["peter", "hans"] [43, 38], Poly ((641.506,197.336),-41.0,#8700FF,0) 3 [33.0, 11.0, 33.0, 11.0, 33.0, 11.0, 33.0, 11.0, 33.0, 11.0
] 36.0, Text_ ((641.506,275.602),-154.0,#000000,0) 13 ["peter", "hans"] [43, 38], Rect ((723.64,197.336),-41.0,#FF0078,0) 11.0 16.
0, Path0 ((723.64,267.79),-41.0,#0078FF,0) 2 [(0.0,0.0), (-15.0,0.0), (-15.0,-30.0), (-3.0,-45.0), (15.0,-30.0), (15.0,0.0), (0.0,
0.0)], Text_ ((799.014,197.336),-154.0,#000000,0) 13 ["peter", "hans"] [43, 38], Rect ((799.014,267.071),-41.0,#000000,0) 22.0 11.
0, Text_ ((762.264,341.806),-154.0,#000000,0) 13 ["peter", "hans"] [43, 38], Path0 ((724.577,411.541),-41.0,#0078FF,0) 2 [(0.0,0.0
), (-15.0,0.0), (-15.0,-30.0), (-3.0,-45.0), (15.0,-30.0), (15.0,0.0), (0.0,0.0)], Dot #FF0000 (724.577,464.703), Rect ((799.951,4
11.541),-41.0,#000000,0) 22.0 11.0, Rect ((799.951,483.569),-41.0,#FF0078,0) 11.0 16.0, Dot #FFFFFF (799.951,537.861), Circ ((835.
764,341.806),-154.0,#00FFF5,0) 22.0, Tria ((859.521,114.909),-41.0,#78FF00,0) 11.0, Tria ((859.521,163.612),-41.0,#78FF00,0) 11.0,
 Text_ ((920.029,114.909),0.0,#000000,0) 13 ["peter", "hans"] [43, 38], Poly ((1002.11,114.909),-41.0,#8700FF,0) 3 [33.0, 11.0, 33
.0, 11.0, 33.0, 11.0, 33.0, 11.0, 33.0, 11.0] 36.0, Text_ ((1002.11,193.175),0.0,#000000,0) 13 ["peter", "hans"] [43, 38], Rect ((
1084.24,114.909),-41.0,#FF0078,0) 11.0 16.0, Path0 ((1084.24,185.363),-41.0,#0078FF,0) 2 [(0.0,0.0), (-15.0,0.0), (-15.0,-30.0), (
-3.0,-45.0), (15.0,-30.0), (15.0,0.0), (0.0,0.0)], Text_ ((1159.62,114.909),0.0,#000000,0) 13 ["peter", "hans"] [43, 38], Rect ((1
159.62,184.644),-41.0,#000000,0) 22.0 11.0, Text_ ((1122.87,259.379),0.0,#000000,0) 13 ["peter", "hans"] [43, 38], Path0 ((1085.18
,329.115),-41.0,#0078FF,0) 2 [(0.0,0.0), (-15.0,0.0), (-15.0,-30.0), (-3.0,-45.0), (15.0,-30.0), (15.0,0.0), (0.0,0.0)], Dot #FF00
00 (1085.18,382.276), Rect ((1160.55,329.115),-41.0,#000000,0) 22.0 11.0, Rect ((1160.55,401.142),-41.0,#FF0078,0) 11.0 16.0, Circ
 ((1196.37,259.379),0.0,#00FFF5,0) 22.0, Text_ ((977.345,32.4822),0.0,#000000,0) 13 ["peter", "hans"] [43, 38], Path0 ((1319.99,32
.4822),-41.0,#0078FF,0) 2 [(0.0,0.0), (-15.0,0.0), (-15.0,-30.0), (-3.0,-45.0), (15.0,-30.0), (15.0,0.0), (0.0,0.0)], Tria ((1319.
99,96.3954),-41.0,#000000,0) 15.0, Poly ((1278.95,170.412),-41.0,#8700FF,0) 3 [33.0, 11.0, 33.0, 11.0, 33.0, 11.0, 33.0, 11.0, 33.
0, 11.0] 36.0, Dot #FF0000 (1278.95,233.678), Text_ ((1361.03,170.412),0.0,#000000,0) 13 ["peter", "hans"] [43, 38]],[[1, 3, 8, 9,
 14, 16, 21, 54, 55], [2], [], [4], [5, 7], [6], [27], [], [], [10], [11, 13], [12], [13], [], [15], [], [17], [18, 20], [19], [43
], [], [22, 39, 41, 42, 44, 46], [23, 25, 26, 28, 30], [24], [], [], [27], [], [29], [], [31], [32, 38], [33, 35], [34], [36], [36
], [37], [], [], [40], [], [], [43], [], [45], [], [47], [48, 53], [49, 51], [50], [52], [52], [], [], [], [56], [57, 59], [58], [
59], []])