([Dot #FFFFFF (323.569,32.1542), Rect ((30.75,32.1542),113.0,#000000,0) 22.0 11.0, Text_ ((30.75,103.703),0.0,#000000,0) 13 ["pete
r", "hans"] [43, 38], Dot #FF0000 (5.0,167.703), Text_ ((56.5,167.703),0.0,#000000,0) 13 ["peter", "hans"] [43, 38], Dot #FF0000 (
56.5,216.703), Text_ ((100.972,32.1542),0.0,#000000,0) 13 ["peter", "hans"] [43, 38], Poly ((183.052,32.1542),113.0,#8700FF,0) 3 [
33.0, 11.0, 33.0, 11.0, 33.0, 11.0, 33.0, 11.0, 33.0, 11.0] 36.0, Path0 ((343.217,32.1542),113.0,#0078FF,0) 2 [(0.0,0.0), (-15.0,0
.0), (-15.0,-30.0), (-3.0,-45.0), (15.0,-30.0), (15.0,0.0), (0.0,0.0)], Text_ ((129.5,113.088),0.0,#000000,0) 13 ["peter", "hans"]
 [43, 38], Path0 ((205.228,113.088),113.0,#0078FF,0) 2 [(0.0,0.0), (-15.0,0.0), (-15.0,-30.0), (-3.0,-45.0), (15.0,-30.0), (15.0,0
.0), (0.0,0.0)], Tria ((205.228,174.714),113.0,#000000,0) 15.0, Poly ((290.036,113.088),113.0,#8700FF,0) 3 [33.0, 11.0, 33.0, 11.0
, 33.0, 11.0, 33.0, 11.0, 33.0, 11.0] 36.0, Dot #FF0000 (350.617,113.088), Rect ((399.339,113.088),113.0,#000000,0) 22.0 11.0, Dot
 #FF0000 (399.339,169.637), Tria ((556.934,113.088),113.0,#78FF00,0) 11.0, Rect ((467.086,171.526),113.0,#FF0078,0) 11.0 16.0, Tex
t_ ((365.847,237.572),0.0,#000000,0) 13 ["peter", "hans"] [43, 38], Dot #FF0000 (340.097,301.572), Text_ ((391.597,301.572),0.0,#0
00000,0) 13 ["peter", "hans"] [43, 38], Text_ ((391.597,365.572),0.0,#000000,0) 13 ["peter", "hans"] [43, 38], Text_ ((492.597,237
.572),0.0,#000000,0) 13 ["peter", "hans"] [43, 38], Circ ((492.597,306.572),0.0,#00FFF5,0) 22.0, Circ ((465.097,380.572),0.0,#00FF
F5,0) 22.0, Text_ ((465.097,449.572),0.0,#000000,0) 13 ["peter", "hans"] [43, 38], Dot #FF0000 (465.097,498.572), Text_ ((520.097,
380.572),0.0,#000000,0) 13 ["f"] [6], Path0 ((568.325,237.572),113.0,#0078FF,0) 2 [(0.0,0.0), (-15.0,0.0), (-15.0,-30.0), (-3.0,-4
5.0), (15.0,-30.0), (15.0,0.0), (0.0,0.0)], Path0 ((646.781,171.526),113.0,#0078FF,0) 2 [(0.0,0.0), (-15.0,0.0), (-15.0,-30.0), (-
3.0,-45.0), (15.0,-30.0), (15.0,0.0), (0.0,0.0)], Tria ((646.781,229.963),113.0,#78FF00,0) 11.0, Rect ((616.389,32.1542),113.0,#FF
0078,0) 11.0 16.0, Circ ((616.389,98.5315),0.0,#FF8700,0) 20.0],[[1, 6, 7, 8, 31], [2], [3, 4], [30], [5], [30], [], [], [9, 10, 1
2, 13, 14, 16], [], [11], [], [], [25], [15], [29], [17, 29], [18, 22, 28], [19, 20], [21], [21], [], [23], [24, 27], [25], [26], 
[32], [], [], [30], [], [32], []])