([Dot #FFFFFF (309.661,45.0), Path0 ((28.8439,45.0),0.0,#0000FF,0) 2 [(0.0,0.0), (-15.0,0.0), (-15.0,-30.0), (-3.0,-45.0), (15.0,-
30.0), (15.0,0.0), (0.0,0.0)], Circ ((93.8439,45.0),0.0,#FFFF00,0) 20.0, Rect ((22.0,126.385),0.0,#FF0000,0) 11.0 16.0, Tria ((22.
0,180.635),0.0,#00FF00,0) 11.0, Rect ((22.0,229.885),0.0,#000000,0) 22.0 11.0, Poly ((92.8488,126.385),0.0,#FF00FF,0) 3 [33.0, 11.
0, 33.0, 11.0, 33.0, 11.0, 33.0, 11.0, 33.0, 11.0] 36.0, Tria ((165.688,126.385),0.0,#000000,0) 15.0, Path0 ((158.844,45.0),0.0,#0
000FF,0) 2 [(0.0,0.0), (-15.0,0.0), (-15.0,-30.0), (-3.0,-45.0), (15.0,-30.0), (15.0,0.0), (0.0,0.0)], Circ ((300.946,45.0),0.0,#F
FFF00,0) 20.0, Poly ((238.527,126.385),0.0,#FF00FF,0) 3 [33.0, 11.0, 33.0, 11.0, 33.0, 11.0, 33.0, 11.0, 33.0, 11.0] 36.0, Rect ((
309.376,126.385),0.0,#FF0000,0) 11.0 16.0, Tria ((309.376,180.635),0.0,#00FF00,0) 11.0, Rect ((309.376,229.885),0.0,#000000,0) 22.
0 11.0, Tria ((363.366,126.385),0.0,#000000,0) 15.0, Circ ((590.477,45.0),71.0,#6EFF00,0) 20.0, Rect ((475.065,157.684),255.0,#5A0
0FF,0) 22.0 32.0, Rect ((438.995,265.411),255.0,#000000,0) 44.0 22.0, Tria ((511.136,265.411),184.0,#00FF91,0) 11.0, Poly ((602.3,
157.684),255.0,#00A5FF,0) 3 [66.0, 22.0, 66.0, 22.0, 66.0, 22.0, 66.0, 22.0, 66.0, 22.0] 36.0, Tria ((705.89,157.684),596.0,#00000
0,0) 15.0, Path0 ((668.881,220.183),596.0,#9100FF,0) 2 [(0.0,0.0), (-15.0,0.0), (-15.0,-30.0), (-3.0,-45.0), (15.0,-30.0), (15.0,0
.0), (0.0,0.0)], Path0 ((742.898,220.183),596.0,#9100FF,0) 2 [(0.0,0.0), (-15.0,0.0), (-15.0,-30.0), (-3.0,-45.0), (15.0,-30.0), (
15.0,0.0), (0.0,0.0)]],[[1, 2, 8, 9, 15], [], [3, 6, 7], [4], [5], [], [], [], [], [10, 11, 14], [], [12], [13], [], [], [16, 19, 
20], [17, 18], [], [], [], [21, 22], [], []])