([Dot #FFFFFF (337.536,22.0), Text_ ((21.5,22.0),0.0,#000000,0) 13 ["peter", "hans"] [43, 38], Path0 ((21.5,88.6685),113.0,#0078FF
,0) 2 [(0.0,0.0), (-15.0,0.0), (-15.0,-30.0), (-3.0,-45.0), (15.0,-30.0), (15.0,0.0), (0.0,0.0)], Text_ ((97.2279,22.0),0.0,#00000
0,0) 13 ["peter", "hans"] [43, 38], Text_ ((97.2279,77.5),0.0,#000000,0) 13 ["f"] [6], Circ ((61.4779,136.0),0.0,#FF8700,0) 20.0, 
Dot #FF0000 (61.4779,188.0), Text_ ((132.978,136.0),0.0,#000000,0) 13 ["peter", "hans"] [43, 38], Rect ((345.719,22.0),113.0,#FF00
78,0) 11.0 16.0, Tria ((193.933,99.6427),113.0,#78FF00,0) 11.0, Tria ((193.933,147.181),113.0,#78FF00,0) 11.0, Text_ ((254.888,99.
6427),0.0,#000000,0) 13 ["peter", "hans"] [43, 38], Poly ((336.969,99.6427),113.0,#8700FF,0) 3 [33.0, 11.0, 33.0, 11.0, 33.0, 11.0
, 33.0, 11.0, 33.0, 11.0] 36.0, Text_ ((336.969,177.908),0.0,#000000,0) 13 ["peter", "hans"] [43, 38], Path0 ((421.777,99.6427),11
3.0,#0078FF,0) 2 [(0.0,0.0), (-15.0,0.0), (-15.0,-30.0), (-3.0,-45.0), (15.0,-30.0), (15.0,0.0), (0.0,0.0)], Path0 ((421.777,168.9
8),113.0,#0078FF,0) 2 [(0.0,0.0), (-15.0,0.0), (-15.0,-30.0), (-3.0,-45.0), (15.0,-30.0), (15.0,0.0), (0.0,0.0)], Text_ ((497.505,
99.6427),0.0,#000000,0) 13 ["peter", "hans"] [43, 38], Rect ((497.505,171.192),113.0,#000000,0) 22.0 11.0, Text_ ((460.755,247.741
),0.0,#000000,0) 13 ["peter", "hans"] [43, 38], Path0 ((424.128,319.29),113.0,#0078FF,0) 2 [(0.0,0.0), (-15.0,0.0), (-15.0,-30.0),
 (-3.0,-45.0), (15.0,-30.0), (15.0,0.0), (0.0,0.0)], Dot #FF0000 (424.128,370.959), Rect ((497.382,319.29),113.0,#000000,0) 22.0 1
1.0, Rect ((497.382,390.217),113.0,#FF0078,0) 11.0 16.0, Circ ((534.255,247.741),0.0,#00FFF5,0) 22.0, Text_ ((416.245,22.0),0.0,#0
00000,0) 13 ["peter", "hans"] [43, 38], Circ ((653.573,22.0),0.0,#00FFF5,0) 22.0, Text_ ((653.573,91.0),0.0,#000000,0) 13 ["peter"
, "hans"] [43, 38], Poly ((616.836,169.265),113.0,#8700FF,0) 3 [33.0, 11.0, 33.0, 11.0, 33.0, 11.0, 33.0, 11.0, 33.0, 11.0] 36.0, 
Dot #FF0000 (616.836,232.531), Tria ((690.31,169.265),113.0,#000000,0) 15.0],[[1, 3, 8, 24, 25], [2], [], [4], [5, 7], [6], [13], 
[], [9, 11, 12, 14, 16], [10], [], [], [13], [], [15], [], [17], [18, 23], [19, 21], [20], [22], [22], [], [], [], [26], [27, 29],
 [28], [29], []])