-- hanoi3T
A[0,1,2]^B[]^C[](A[1,2]^B[0]^C[](pos ,pos 1,
                                 A[2]^C[1]^B[0](pos 0,
                                                B[]^A[0,2]^C[1](pos 0 2,
                                                                pos 0 2 2,
                                                                pos 1 2 1),
                                                B[]^C[0,1]^A[2](pos 0 2,
                                                                pos 0 2 1,
                                                                A[]^B[2]^C[0,1](pos 0 2 2,
                                                                                C[1]^A[0]^B[2](pos 0 2 2 2,
                                                                                               pos 0 2 2 2 2,
                                                                                               C[]^B[1,2]^A[0](pos 0 2 2 2 1,
                                                                                                               A[]^C[0]^B[1,2](pos 0 2 2 2 1 2,
                                                                                                                               pos 0 2 2 2 1 2 2,
                                                                                                                               pos 0 2 2 2 2 2 1),
                                                                                                               A[]^B[0,1,2]^C[](pos 0 2 2 2 1 2,
                                                                                                                                pos 0 2 2 2 1 2 1))),
                                                                                C[1]^B[0,2]^A[](pos 0 2 2 2,
                                                                                                pos 0 2 2 2 1,
                                                                                                C[]^A[1]^B[0,2](pos 0 2 2 2 2,
                                                                                                                B[2]^C[0]^A[1](pos 0 2 2 2 2 2,
                                                                                                                               pos 0 2 2 2 1 2 1,
                                                                                                                               pos 0 2 2 2 2 2 2),
                                                                                                                B[2]^A[0,1]^C[](pos 0 2 2 2 2 2,
                                                                                                                                pos 0 2 2 2 2 2 1,
                                                                                                                                pos 1 2 2 2 2 2 2))))))),
                 A[1,2]^C[0]^B[](pos ,pos 0,
                                 A[2]^B[1]^C[0](pos 1,
                                                C[]^A[0,2]^B[1](pos 1 2,
                                                                pos 0 2 1,
                                                                pos 1 2 2),
                                                C[]^B[0,1]^A[2](pos 1 2,
                                                                pos 1 2 1,
                                                                A[]^C[2]^B[0,1](pos 1 2 2,
                                                                                B[1]^A[0]^C[2](pos 1 2 2 2,
                                                                                               pos 1 2 2 2 2,
                                                                                               B[]^C[1,2]^A[0](pos 1 2 2 2 1,
                                                                                                               A[]^B[0]^C[1,2](pos 1 2 2 2 1 2,
                                                                                                                               pos 1 2 2 2 1 2 2,
                                                                                                                               pos 1 2 2 2 2 2 1),
                                                                                                               A[]^C[0,1,2]^B[](pos 1 2 2 2 1 2,
                                                                                                                                pos 1 2 2 2 1 2 1))),
                                                                                B[1]^C[0,2]^A[](pos 1 2 2 2,
                                                                                                pos 1 2 2 2 1,
                                                                                                B[]^A[1]^C[0,2](pos 1 2 2 2 2,
                                                                                                                C[2]^B[0]^A[1](pos 1 2 2 2 2 2,
                                                                                                                               pos 1 2 2 2 1 2 1,
                                                                                                                               pos 1 2 2 2 2 2 2),
                                                                                                                C[2]^A[0,1]^B[](pos 1 2 2 2 2 2,
                                                                                                                                pos 0 2 2 2 2 2 2,
                                                                                                                                pos 1 2 2 2 2 2 1))))))))