-- numberTrees

1(2,2(3,3(4,4(5,5),4(5,5),4),3),2),

1(2,2(3,3(4,4(5,3(4,4(5,5),4(5,5),4)),4(3(4,4(5,5),4(5,5),4),5),4),3),2),

1(2(4(8(16(32,33(58(83),59(84))),17(34(60),35(61))),
      9(18(36(62),37(63),38(64)),
        19(39(65),40(66),
           41(67(85(97(104,105(113(123),114(124))),98(106,107(115(125),116(126),117(127)))),86(99)))))),
    5(10(20(42),21(43)),
      11(22(44),23(45),
         24(46(68(87(100,101(108(118),109(119))),88(102,103(110(120),111(121),112(122)))),69(89)))))),
  3(6(12(25(47,48(70(90),71(91))),26(49,50(72(92),73(93),74(94)))),13(27(51(75),52(76)))),
    7(14(28,29(53(77),54(78))),15(30,31(55(79(95),80(96)),56(81),57(82))))))