-- overlaps

terms:
    outline[rect(44,99),tria(88),J$33,tria$88]
<+> outline[turt[tria(88),R,rect(99,44)],turt[T$45,tria(88),rect(99,22)]]
<+> dots[turt[red$tria(88),R,yellow$rect(99,44)],turt[T$45,blue$tria(88),
	      green$rect(99,22)]]
<+> (dots$red$circ(88)<+>outline$turt[T$45,blue$tria(88),green$rect(99,22)])

<+> meetW$turt[red$rect(111,44),J$122,R,J$88,green$rect(111,44),J$122,R,J$88,
               blue$rect(111,44),J$122,R,J$88,yellow$rect(111,44)] 

<+> scale(2)$turt[red(wave(3,111,55)),blue$wave(3,111,-55)]

<+> meetW$scale(2)$turt[red$waveF(3,111,55),L,J(-111),R,blue$waveF(3,111,-55)]
<+> meetW$scale(2)$turt[red$waveSF(3,111,55),L,J(-111),R,
			blue$waveSF(3,111,-55)]

<+> wave(5,111,3)+wave(5,111,11)+wave(5,111,33)
<+> (smooth$turt[wave(5,111,55),flipH$wave(5,111,55)]<+>
     red$turt[waveF(5,111,55),flipH$waveF(5,111,55)])
<+> red$turt[waveSF(5,222,66),waveSF(5,222,-66)]
<+> turt[red$waveSF(5,222,66),green$waveSF(5,222,-66)]

<+> smooth$scale(3)$turt[red$waveF(3,60,-45),			-- tattoo
			 blue$waveF(2,60,-45),R,J$12,L,
	    	         red$waveF(3,60,45),
			 blue$waveF(2,60,45),L,J$6,R,J(-18),R,
			 green$waveF(2,65,45),L,J$36,R,
                         green$waveF(2,65,-45),L,J(-18)]    				
<+> meetW$scale(3)$turt[T$0.1,red$waveSF(3,60,-45),blue$waveSF(2,60,-45)]

<+> meetW$scale(3)$turt[T$0.1,red$waveSF(3,60, -45),		-- tattoo
			 blue$waveSF(2,60, -45),R,J$12,L,
	    	         red$waveSF(3,60,45),
			 blue$waveSF(2,60,45),L,J$6,R,J( -18),R,
			 green$waveSF(2,65,45),L,J$36,R,
                         green$waveSF(2,65, -45),L,J(-18)]    				
<+> join(2)[flipV$turt[R,J(-10),L,blue$waveS(2,50,-45)],
     	    red$waveS(3,60, -45),red$waveS(3,60,45),
            turt[J(-22),R,green$waveS(2,50,45)],
     	    turt[J(-55),R,yellow$waveS(2,50,-45)],
    	    turt[J(22),R,green$waveS(2,50,-45)],
            turt[J(55),R,yellow$waveS(2,50,45)],
            turt[R,J(10),L,blue$waveS(2,50,45)]]			

<+> meetL[red$tria(88),blue$rect(44,99)]
<+> meetW$red$turt[tria(88),R,rect(99,44)]
<+> meetW$scale(0.9)$red$turt[tria(88),R,rect(99,44)]
<+> meetL[red$tria(88),circ(44)]
<+> meetO[circ$222,tria$333]
<+> meetO$turt[circ$222,tria$333]
<+> meetO$turt[circ$222,T$1,tria$333]

<+> meetO$turt[red$pathF[(0,0),(160,0),(160,60),(100,60),(100,40),(140,40),
	                 (140,20),(0,20),(0,0)],J$208,L,J$88,R,
 	       green$pathF[(0,0),(0,180),(-100,180),(-100,40),(-80,40),
			   (-80,160),(-60,160),(-60,0),(0,0)]] 

<+> (red$pathF[(0,0),(160,0),(160,60),(100,60),(100,40),(140,40),(140,20),
	       (0,20),(0,0)],
     red$pathF[(0,0),(160,0),(160,60),(100,60),(100,40),(140,40),(140,20),
	       (0,20),(0,0)],
     green$pathF[(0,0),(0,180),( -100,180),( -100,40),( -80,40),( -80,160),
	         (-60,160),(-60,0),(0,0)])

<+> planar$turt[tria(88),R,J$142,rect(99,44)]
<+> spline$pathF[(2,2),(33,55),(111,-22),(2,2)]

<+> (pathS[(0,0),(55,0),(55,55),(0,55),(0,0)],
     outline$pathS[(0,0),(55,0),(55,55),(0,55),(0,0)],
     red$spline$path[(0,0),(55,0),(55,55),(0,55)]) 
<+>
(pathS[(0,0),(55,55),(110,0),(135,55),(220,22),(275,55),(330,0),(385,55),
       (440,0),(495,55),(550,0),(550,66),(333,77)],
 red$spline[(0,0),(55,55),(110,0),(135,55),(220,22),(275,55),(330,0),(385,55),
	    (440,0),(495,55),(550,0),(550,66),(333,77)]) 
<+>
(green$pathSF[(0,0),(55,55),(110,0),(135,55),(220,22),(275,55),(330,0),(385,55),
	      (440,0),(495,55),(550,0),(550,66),(333,77),(0,0)],
 red$spline[(0,0),(55,55),(110,0),(135,55),(220,22),(275,55),(330,0),(385,55),	
	    (440,0),(495,55),(550,0),(550,66),(333,77)]) 
<+>
scale(5)[red$pathF[(0,0),(40,0),(40,15),(25,15),(25,10),(35,10),(35,5),(0,5),
		   (0,0)],
 	 green$pathF[(0,0),(0,45),(-25,45),(-25,10),(-20,10),(-20,40),(-15,40),
	             (-15,0),(0,0)]] 
<+> 
meetL$scale(5)$turt
     [red$pathF[(0,0),(40,0),(40,15),(25,15),(25,10),(35,10),(35,5),(0,5),
	        (0,0)],J$50,L,J$22,R,
      green$pathF[(0,0),(0,45),(-25,45),(-25,10),(-20,10),(-20,40),(-15,40),
		  (-15,0),(0,0)]]
<+>
(path[(0,0),(40,0),(40,15),(25,15),(25,10),(35,10),(35,5),(0,5),(0,0)],
 path[(0,0),(0,45),(-25,45),(-25,10),(-20,10),(-20,40),(-15,40),(-15,0),(0,0)], 
 tria(15), poly(6,22,11)) 
<+>
(turt[tria(99),J(66),R,rect(55,111)],
 turt[tria(99),J(66),R,rect(55,111)],circ$66) 
<+> 
meetL$turt[red$tria(99),J(66),R,green$rect(55,111),J$44,blue$circ$66] 
<+>
planar$turt[red$tria(99),J(66),R,green$rect(55,111),L,J$133,blue$circ$66] 
<+> (red$turt[tria(99),J(66),R,rect(55,111)],
     green$turt[tria(99),J(66),R,rect(55,111)],blue$circ$66) 
<+> 
turt[path[(0,0),(40,0),(40,15),(25,15),(25,10),(35,10),(35,5),(0,5),(0,0)],
     R,J(22),L,
     path[(0,0),(40,0),(40,15),(25,15),(25,10),(35,10),(35,5),(0,5),(0,0)],
     path[(0,0),(0,45),(-25,45),(-25,10),(-20,10),(-20,40),(-15,40),(-15,0),
	  (0,0)]] 
<+> 
(path[(0,0),(40,0),(40,15),(25,15),(25,10),(35,10),(35,5),(0,5),(0,0)],
 path[(0,0),(0,45),(-25,45),(-25,10),(-20,10),(-20,40),(-15,40),(-15,0),(0,0)])
<+>
(red$pathF[(0,0),(40,0),(40,15),(25,15),(25,10),(35,10),(35,5),(0,5),(0,0)],
 green$pathF[(0,0),(0,45),(-25,45),(-25,10),(-20,10),(-20,40),(-15,40),(-15,0),
	     (0,0)]) 
<+> 
(red$pathSF[(0,0),(40,0),(40,15),(25,15),(25,10),(35,10),(35,5),(0,5),(0,0)],
 green$pathSF[(0,0),(0,45),(-25,45),(-25,10),(-20,10),(-20,40),(-15,40),(-15,0),
	      (0,0)]) 
<+> 
turt[red$pathSF[(0,0),(40,0),(40,15),(25,15),(25,10),(35,10),(35,5),(0,5),
		(0,0)],R,J$22,L,
     blue$pathSF[(0,0),(40,0),(40,15),(25,15),(25,10),(35,10),(35,5),(0,5),
		 (0,0)],
     yellow$pathSF[(0,0),(0,45),(-25,45),(-25,10),(-20,10),(-20,40),(-15,40),
		   (-15,0),(0,0)]] 
<+>
join(5)[
    green$pathSF[(0,0),(0,45),(-25,45),(-25,10),(-20,10),(-20,40),(-15,40),
	         (-15,0),(0,0)],
    turt[J(-22),L,J(-33),R,
         red$pathSF[(0,0),(40,0),(40,15),(25,15),(25,10),(35,10),(35,5),(0,5),
	            (0,0)]]]