([Turtle ((342.328,320.394),0.0,#000000,0) (-7.62939e-06,-1.43051e-06,633.709,652.836) 7.0 [Scale 1.0, Turn 0.0, Jump 0.0, Widg (F
ast (Poly ((342.328,320.394),0.0,#AAAAFF,0) 5 [22.0, 55.0, 44.0, 22.0, 55.0, 44.0, 22.0, 55.0, 44.0, 22.0, 55.0, 44.0, 22.0, 55.0,
 44.0] 24.0)), Widg Wait, Close], Turtle ((342.328,320.394),0.0,#000000,0) (8.15066,7.62844,626.772,644.921) 7.0 [Scale 0.97619, T
urn 0.0, Jump 0.0, Widg (Fast (Poly ((342.328,320.394),0.0,#AAAAFF,1) 5 [22.0, 55.0, 44.0, 22.0, 55.0, 44.0, 22.0, 55.0, 44.0, 22.
0, 55.0, 44.0, 22.0, 55.0, 44.0] 24.0)), Widg Wait, Close], Turtle ((342.328,320.394),0.0,#000000,0) (16.3013,15.2568,619.834,637.
005) 7.0 [Scale 0.952381, Turn 0.0, Jump 0.0, Widg (Fast (Poly ((342.328,320.394),0.0,#AAAAFF,2) 5 [22.0, 55.0, 44.0, 22.0, 55.0, 
44.0, 22.0, 55.0, 44.0, 22.0, 55.0, 44.0, 22.0, 55.0, 44.0] 24.0)), Widg Wait, Close], Turtle ((342.328,320.394),0.0,#000000,0) (2
4.452,22.8853,612.897,629.09) 7.0 [Scale 0.928571, Turn 0.0, Jump 0.0, Widg (Fast (Poly ((342.328,320.394),0.0,#AAAAFF,3) 5 [22.0,
 55.0, 44.0, 22.0, 55.0, 44.0, 22.0, 55.0, 44.0, 22.0, 55.0, 44.0, 22.0, 55.0, 44.0] 24.0)), Widg Wait, Close], Turtle ((342.328,3
20.394),0.0,#000000,0) (32.6026,30.5137,605.959,621.175) 7.0 [Scale 0.904762, Turn 0.0, Jump 0.0, Widg (Fast (Poly ((342.328,320.3
94),0.0,#AAAAFF,4) 5 [22.0, 55.0, 44.0, 22.0, 55.0, 44.0, 22.0, 55.0, 44.0, 22.0, 55.0, 44.0, 22.0, 55.0, 44.0] 24.0)), Widg Wait,
 Close], Turtle ((342.328,320.394),0.0,#000000,0) (40.7533,38.1421,599.021,613.26) 7.0 [Scale 0.880952, Turn 0.0, Jump 0.0, Widg (
Fast (Poly ((342.328,320.394),0.0,#AAAAFF,5) 5 [22.0, 55.0, 44.0, 22.0, 55.0, 44.0, 22.0, 55.0, 44.0, 22.0, 55.0, 44.0, 22.0, 55.0
, 44.0] 24.0)), Widg Wait, Close], Turtle ((342.328,320.394),0.0,#000000,0) (48.904,45.7705,592.083,605.344) 7.0 [Scale 0.857143, 
Turn 0.0, Jump 0.0, Widg (Fast (Poly ((342.328,320.394),0.0,#AAAAFF,6) 5 [22.0, 55.0, 44.0, 22.0, 55.0, 44.0, 22.0, 55.0, 44.0, 22
.0, 55.0, 44.0, 22.0, 55.0, 44.0] 24.0)), Widg Wait, Close], Turtle ((342.328,320.394),0.0,#000000,0) (57.0546,53.3989,585.146,597
.429) 7.0 [Scale 0.833333, Turn 0.0, Jump 0.0, Widg (Fast (Poly ((342.328,320.394),0.0,#AAAAFF,7) 5 [22.0, 55.0, 44.0, 22.0, 55.0,
 44.0, 22.0, 55.0, 44.0, 22.0, 55.0, 44.0, 22.0, 55.0, 44.0] 24.0)), Widg Wait, Close], Turtle ((342.328,320.394),0.0,#000000,0) (
65.2053,61.0273,578.208,589.514) 7.0 [Scale 0.809524, Turn 0.0, Jump 0.0, Widg (Fast (Poly ((342.328,320.394),0.0,#AAAAFF,8) 5 [22
.0, 55.0, 44.0, 22.0, 55.0, 44.0, 22.0, 55.0, 44.0, 22.0, 55.0, 44.0, 22.0, 55.0, 44.0] 24.0)), Widg Wait, Close], Turtle ((342.32
8,320.394),0.0,#000000,0) (73.3559,68.6558,571.271,581.598) 7.0 [Scale 0.785714, Turn 0.0, Jump 0.0, Widg (Fast (Poly ((342.328,32
0.394),0.0,#AAAAFF,9) 5 [22.0, 55.0, 44.0, 22.0, 55.0, 44.0, 22.0, 55.0, 44.0, 22.0, 55.0, 44.0, 22.0, 55.0, 44.0] 24.0)), Widg Wa
it, Close], Turtle ((342.328,320.394),0.0,#000000,0) (81.5066,76.2842,564.333,573.683) 7.0 [Scale 0.761905, Turn 0.0, Jump 0.0, Wi
dg (Fast (Poly ((342.328,320.394),0.0,#AAAAFF,10) 5 [22.0, 55.0, 44.0, 22.0, 55.0, 44.0, 22.0, 55.0, 44.0, 22.0, 55.0, 44.0, 22.0,
 55.0, 44.0] 24.0)), Widg Wait, Close], Turtle ((342.328,320.394),0.0,#000000,0) (89.6573,83.9126,557.395,565.768) 7.0 [Scale 0.73
8095, Turn 0.0, Jump 0.0, Widg (Fast (Poly ((342.328,320.394),0.0,#AAAAFF,11) 5 [22.0, 55.0, 44.0, 22.0, 55.0, 44.0, 22.0, 55.0, 4
4.0, 22.0, 55.0, 44.0, 22.0, 55.0, 44.0] 24.0)), Widg Wait, Close], Turtle ((342.328,320.394),0.0,#000000,0) (97.808,91.541,550.45
8,557.852) 7.0 [Scale 0.714286, Turn 0.0, Jump 0.0, Widg (Fast (Poly ((342.328,320.394),0.0,#AAAAFF,12) 5 [22.0, 55.0, 44.0, 22.0,
 55.0, 44.0, 22.0, 55.0, 44.0, 22.0, 55.0, 44.0, 22.0, 55.0, 44.0] 24.0)), Widg Wait, Close], Turtle ((342.328,320.394),0.0,#00000
0,0) (105.959,99.1694,543.52,549.937) 7.0 [Scale 0.690476, Turn 0.0, Jump 0.0, Widg (Fast (Poly ((342.328,320.394),0.0,#AAAAFF,13)
 5 [22.0, 55.0, 44.0, 22.0, 55.0, 44.0, 22.0, 55.0, 44.0, 22.0, 55.0, 44.0, 22.0, 55.0, 44.0] 24.0)), Widg Wait, Close], Turtle ((
342.328,320.394),0.0,#000000,0) (114.109,106.798,536.582,542.022) 7.0 [Scale 0.666667, Turn 0.0, Jump 0.0, Widg (Fast (Poly ((342.
328,320.394),0.0,#AAAAFF,14) 5 [22.0, 55.0, 44.0, 22.0, 55.0, 44.0, 22.0, 55.0, 44.0, 22.0, 55.0, 44.0, 22.0, 55.0, 44.0] 24.0)), 
Widg Wait, Close], Turtle ((342.328,320.394),0.0,#000000,0) (122.26,114.426,529.645,534.107) 7.0 [Scale 0.642857, Turn 0.0, Jump 0
.0, Widg (Fast (Poly ((342.328,320.394),0.0,#AAAAFF,15) 5 [22.0, 55.0, 44.0, 22.0, 55.0, 44.0, 22.0, 55.0, 44.0, 22.0, 55.0, 44.0,
 22.0, 55.0, 44.0] 24.0)), Widg Wait, Close], Turtle ((342.328,320.394),0.0,#000000,0) (130.411,122.055,522.707,526.191) 7.0 [Scal
e 0.619048, Turn 0.0, Jump 0.0, Widg (Fast (Poly ((342.328,320.394),0.0,#AAAAFF,16) 5 [22.0, 55.0, 44.0, 22.0, 55.0, 44.0, 22.0, 5
5.0, 44.0, 22.0, 55.0, 44.0, 22.0, 55.0, 44.0] 24.0)), Widg Wait, Close], Turtle ((342.328,320.394),0.0,#000000,0) (138.561,129.68
3,515.769,518.276) 7.0 [Scale 0.595238, Turn 0.0, Jump 0.0, Widg (Fast (Poly ((342.328,320.394),0.0,#AAAAFF,17) 5 [22.0, 55.0, 44.
0, 22.0, 55.0, 44.0, 22.0, 55.0, 44.0, 22.0, 55.0, 44.0, 22.0, 55.0, 44.0] 24.0)), Widg Wait, Close], Turtle ((342.328,320.394),0.
0,#000000,0) (146.712,137.312,508.832,510.361) 7.0 [Scale 0.571429, Turn 0.0, Jump 0.0, Widg (Fast (Poly ((342.328,320.394),0.0,#A
AAAFF,18) 5 [22.0, 55.0, 44.0, 22.0, 55.0, 44.0, 22.0, 55.0, 44.0, 22.0, 55.0, 44.0, 22.0, 55.0, 44.0] 24.0)), Widg Wait, Close], 
Turtle ((342.328,320.394),0.0,#000000,0) (154.863,144.94,501.894,502.445) 7.0 [Scale 0.547619, Turn 0.0, Jump 0.0, Widg (Fast (Pol
y ((342.328,320.394),0.0,#AAAAFF,19) 5 [22.0, 55.0, 44.0, 22.0, 55.0, 44.0, 22.0, 55.0, 44.0, 22.0, 55.0, 44.0, 22.0, 55.0, 44.0] 
24.0)), Widg Wait, Close], Turtle ((342.328,320.394),0.0,#000000,0) (163.013,152.568,494.956,494.53) 7.0 [Scale 0.52381, Turn 0.0,
 Jump 0.0, Widg (Fast (Poly ((342.328,320.394),0.0,#AAAAFF,20) 5 [22.0, 55.0, 44.0, 22.0, 55.0, 44.0, 22.0, 55.0, 44.0, 22.0, 55.0
, 44.0, 22.0, 55.0, 44.0] 24.0)), Widg Wait, Close], Turtle ((342.328,320.394),0.0,#000000,0) (171.164,160.197,488.019,486.615) 7.
0 [Scale 0.5, Turn 0.0, Jump 0.0, Widg (Fast (Poly ((342.328,320.394),0.0,#AAAAFF,21) 5 [22.0, 55.0, 44.0, 22.0, 55.0, 44.0, 22.0,
 55.0, 44.0, 22.0, 55.0, 44.0, 22.0, 55.0, 44.0] 24.0)), Widg Wait, Close], Turtle ((342.328,320.394),0.0,#000000,0) (179.315,167.
825,481.081,478.7) 7.0 [Scale 0.47619, Turn 0.0, Jump 0.0, Widg (Fast (Poly ((342.328,320.394),0.0,#AAAAFF,22) 5 [22.0, 55.0, 44.0
, 22.0, 55.0, 44.0, 22.0, 55.0, 44.0, 22.0, 55.0, 44.0, 22.0, 55.0, 44.0] 24.0)), Widg Wait, Close], Turtle ((342.328,320.394),0.0
,#000000,0) (187.465,175.454,474.143,470.784) 7.0 [Scale 0.452381, Turn 0.0, Jump 0.0, Widg (Fast (Poly ((342.328,320.394),0.0,#AA
AAFF,23) 5 [22.0, 55.0, 44.0, 22.0, 55.0, 44.0, 22.0, 55.0, 44.0, 22.0, 55.0, 44.0, 22.0, 55.0, 44.0] 24.0)), Widg Wait, Close], T
urtle ((342.328,320.394),0.0,#000000,0) (195.616,183.082,467.206,462.869) 7.0 [Scale 0.428571, Turn 0.0, Jump 0.0, Widg (Fast (Pol
y ((342.328,320.394),0.0,#AAAAFF,24) 5 [22.0, 55.0, 44.0, 22.0, 55.0, 44.0, 22.0, 55.0, 44.0, 22.0, 55.0, 44.0, 22.0, 55.0, 44.0] 
24.0)), Widg Wait, Close], Turtle ((342.328,320.394),0.0,#000000,0) (203.767,190.71,460.268,454.954) 7.0 [Scale 0.404762, Turn 0.0
, Jump 0.0, Widg (Fast (Poly ((342.328,320.394),0.0,#AAAAFF,25) 5 [22.0, 55.0, 44.0, 22.0, 55.0, 44.0, 22.0, 55.0, 44.0, 22.0, 55.
0, 44.0, 22.0, 55.0, 44.0] 24.0)), Widg Wait, Close], Turtle ((342.328,320.394),0.0,#000000,0) (211.917,198.339,453.33,447.038) 7.
0 [Scale 0.380952, Turn 0.0, Jump 0.0, Widg (Fast (Poly ((342.328,320.394),0.0,#AAAAFF,26) 5 [22.0, 55.0, 44.0, 22.0, 55.0, 44.0, 
22.0, 55.0, 44.0, 22.0, 55.0, 44.0, 22.0, 55.0, 44.0] 24.0)), Widg Wait, Close], Turtle ((342.328,320.394),0.0,#000000,0) (220.068
,205.967,446.393,439.123) 7.0 [Scale 0.357143, Turn 0.0, Jump 0.0, Widg (Fast (Poly ((342.328,320.394),0.0,#AAAAFF,27) 5 [22.0, 55
.0, 44.0, 22.0, 55.0, 44.0, 22.0, 55.0, 44.0, 22.0, 55.0, 44.0, 22.0, 55.0, 44.0] 24.0)), Widg Wait, Close], Turtle ((342.328,320.
394),0.0,#000000,0) (228.219,213.596,439.455,431.208) 7.0 [Scale 0.333333, Turn 0.0, Jump 0.0, Widg (Fast (Poly ((342.328,320.394)
,0.0,#AAAAFF,28) 5 [22.0, 55.0, 44.0, 22.0, 55.0, 44.0, 22.0, 55.0, 44.0, 22.0, 55.0, 44.0, 22.0, 55.0, 44.0] 24.0)), Widg Wait, C
lose], Turtle ((342.328,320.394),0.0,#000000,0) (236.369,221.224,432.517,423.292) 7.0 [Scale 0.309524, Turn 0.0, Jump 0.0, Widg (F
ast (Poly ((342.328,320.394),0.0,#AAAAFF,29) 5 [22.0, 55.0, 44.0, 22.0, 55.0, 44.0, 22.0, 55.0, 44.0, 22.0, 55.0, 44.0, 22.0, 55.0
, 44.0] 24.0)), Widg Wait, Close], Turtle ((342.328,320.394),0.0,#000000,0) (244.52,228.853,425.58,415.377) 7.0 [Scale 0.285714, T
urn 0.0, Jump 0.0, Widg (Fast (Poly ((342.328,320.394),0.0,#AAAAFF,30) 5 [22.0, 55.0, 44.0, 22.0, 55.0, 44.0, 22.0, 55.0, 44.0, 22
.0, 55.0, 44.0, 22.0, 55.0, 44.0] 24.0)), Widg Wait, Close], Turtle ((342.328,320.394),0.0,#000000,0) (252.671,236.481,418.642,407
.462) 7.0 [Scale 0.261905, Turn 0.0, Jump 0.0, Widg (Fast (Poly ((342.328,320.394),0.0,#AAAAFF,31) 5 [22.0, 55.0, 44.0, 22.0, 55.0
, 44.0, 22.0, 55.0, 44.0, 22.0, 55.0, 44.0, 22.0, 55.0, 44.0] 24.0)), Widg Wait, Close], Turtle ((342.328,320.394),0.0,#000000,0) 
(260.821,244.109,411.704,399.547) 7.0 [Scale 0.238095, Turn 0.0, Jump 0.0, Widg (Fast (Poly ((342.328,320.394),0.0,#AAAAFF,32) 5 [
22.0, 55.0, 44.0, 22.0, 55.0, 44.0, 22.0, 55.0, 44.0, 22.0, 55.0, 44.0, 22.0, 55.0, 44.0] 24.0)), Widg Wait, Close], Turtle ((342.
328,320.394),0.0,#000000,0) (268.972,251.738,404.767,391.631) 7.0 [Scale 0.214286, Turn 0.0, Jump 0.0, Widg (Fast (Poly ((342.328,
320.394),0.0,#AAAAFF,33) 5 [22.0, 55.0, 44.0, 22.0, 55.0, 44.0, 22.0, 55.0, 44.0, 22.0, 55.0, 44.0, 22.0, 55.0, 44.0] 24.0)), Widg
 Wait, Close], Turtle ((342.328,320.394),0.0,#000000,0) (277.123,259.366,397.829,383.716) 7.0 [Scale 0.190476, Turn 0.0, Jump 0.0,
 Widg (Fast (Poly ((342.328,320.394),0.0,#AAAAFF,34) 5 [22.0, 55.0, 44.0, 22.0, 55.0, 44.0, 22.0, 55.0, 44.0, 22.0, 55.0, 44.0, 22
.0, 55.0, 44.0] 24.0)), Widg Wait, Close], Turtle ((342.328,320.394),0.0,#000000,0) (285.273,266.995,390.891,375.801) 7.0 [Scale 0
.166667, Turn 0.0, Jump 0.0, Widg (Fast (Poly ((342.328,320.394),0.0,#AAAAFF,35) 5 [22.0, 55.0, 44.0, 22.0, 55.0, 44.0, 22.0, 55.0
, 44.0, 22.0, 55.0, 44.0, 22.0, 55.0, 44.0] 24.0)), Widg Wait, Close], Turtle ((342.328,320.394),0.0,#000000,0) (293.424,274.623,3
83.954,367.885) 7.0 [Scale 0.142857, Turn 0.0, Jump 0.0, Widg (Fast (Poly ((342.328,320.394),0.0,#AAAAFF,36) 5 [22.0, 55.0, 44.0, 
22.0, 55.0, 44.0, 22.0, 55.0, 44.0, 22.0, 55.0, 44.0, 22.0, 55.0, 44.0] 24.0)), Widg Wait, Close], Turtle ((342.328,320.394),0.0,#
000000,0) (301.575,282.251,377.016,359.97) 7.0 [Scale 0.119048, Turn 0.0, Jump 0.0, Widg (Fast (Poly ((342.328,320.394),0.0,#AAAAF
F,37) 5 [22.0, 55.0, 44.0, 22.0, 55.0, 44.0, 22.0, 55.0, 44.0, 22.0, 55.0, 44.0, 22.0, 55.0, 44.0] 24.0)), Widg Wait, Close], Turt
le ((342.328,320.394),0.0,#000000,0) (309.725,289.88,370.079,352.055) 7.0 [Scale 0.0952381, Turn 0.0, Jump 0.0, Widg (Fast (Poly (
(342.328,320.394),0.0,#AAAAFF,38) 5 [22.0, 55.0, 44.0, 22.0, 55.0, 44.0, 22.0, 55.0, 44.0, 22.0, 55.0, 44.0, 22.0, 55.0, 44.0] 24.
0)), Widg Wait, Close], Turtle ((342.328,320.394),0.0,#000000,0) (317.876,297.508,363.141,344.139) 7.0 [Scale 0.0714286, Turn 0.0,
 Jump 0.0, Widg (Fast (Poly ((342.328,320.394),0.0,#AAAAFF,39) 5 [22.0, 55.0, 44.0, 22.0, 55.0, 44.0, 22.0, 55.0, 44.0, 22.0, 55.0
, 44.0, 22.0, 55.0, 44.0] 24.0)), Widg Wait, Close], Turtle ((342.328,320.394),0.0,#000000,0) (326.027,305.137,356.203,336.224) 7.
0 [Scale 0.047619, Turn 0.0, Jump 0.0, Widg (Fast (Poly ((342.328,320.394),0.0,#AAAAFF,40) 5 [22.0, 55.0, 44.0, 22.0, 55.0, 44.0, 
22.0, 55.0, 44.0, 22.0, 55.0, 44.0, 22.0, 55.0, 44.0] 24.0)), Widg Wait, Close], Turtle ((342.328,320.394),0.0,#000000,0) (334.177
,312.765,349.266,328.309) 7.0 [Scale 0.0238095, Turn 0.0, Jump 0.0, Widg (Fast (Poly ((342.328,320.394),0.0,#AAAAFF,41) 5 [22.0, 5
5.0, 44.0, 22.0, 55.0, 44.0, 22.0, 55.0, 44.0, 22.0, 55.0, 44.0, 22.0, 55.0, 44.0] 24.0)), Widg Wait, Close]],[[], [], [], [], [],
 [], [], [], [], [], [], [], [], [], [], [], [], [], [], [], [], [], [], [], [], [], [], [], [], [], [], [], [], [], [], [], [], [
], [], [], [], []])