([Turtle ((384.765,361.782),82.0,#000000,0) (0.0,0.0,703.944,731.868) 7.0 [Scale 1.0, Turn 0.0, Jump 0.0, Widg (Fast (Poly ((384.7
65,361.782),82.0,#AAAAFF,0) 4 [22.0, 55.0, 44.0, 22.0, 55.0, 44.0, 22.0, 55.0, 44.0, 22.0, 55.0, 44.0, 22.0, 55.0, 44.0] 24.0)), W
idg Wait, Close], Turtle ((384.765,361.782),82.0,#000000,0) (9.1611,8.61389,696.345,723.056) 7.0 [Scale 0.97619, Turn 0.0, Jump 0.
0, Widg (Fast (Poly ((384.765,361.782),82.0,#AAAAFF,1) 4 [22.0, 55.0, 44.0, 22.0, 55.0, 44.0, 22.0, 55.0, 44.0, 22.0, 55.0, 44.0, 
22.0, 55.0, 44.0] 24.0)), Widg Wait, Close], Turtle ((384.765,361.782),82.0,#000000,0) (18.3222,17.2277,688.745,714.245) 7.0 [Scal
e 0.952381, Turn 0.0, Jump 0.0, Widg (Fast (Poly ((384.765,361.782),82.0,#AAAAFF,2) 4 [22.0, 55.0, 44.0, 22.0, 55.0, 44.0, 22.0, 5
5.0, 44.0, 22.0, 55.0, 44.0, 22.0, 55.0, 44.0] 24.0)), Widg Wait, Close], Turtle ((384.765,361.782),82.0,#000000,0) (27.4832,25.84
16,681.146,705.433) 7.0 [Scale 0.928571, Turn 0.0, Jump 0.0, Widg (Fast (Poly ((384.765,361.782),82.0,#AAAAFF,3) 4 [22.0, 55.0, 44
.0, 22.0, 55.0, 44.0, 22.0, 55.0, 44.0, 22.0, 55.0, 44.0, 22.0, 55.0, 44.0] 24.0)), Widg Wait, Close], Turtle ((384.765,361.782),8
2.0,#000000,0) (36.6443,34.4554,673.546,696.621) 7.0 [Scale 0.904762, Turn 0.0, Jump 0.0, Widg (Fast (Poly ((384.765,361.782),82.0
,#AAAAFF,4) 4 [22.0, 55.0, 44.0, 22.0, 55.0, 44.0, 22.0, 55.0, 44.0, 22.0, 55.0, 44.0, 22.0, 55.0, 44.0] 24.0)), Widg Wait, Close]
, Turtle ((384.765,361.782),82.0,#000000,0) (45.8054,43.0693,665.947,687.81) 7.0 [Scale 0.880952, Turn 0.0, Jump 0.0, Widg (Fast (
Poly ((384.765,361.782),82.0,#AAAAFF,5) 4 [22.0, 55.0, 44.0, 22.0, 55.0, 44.0, 22.0, 55.0, 44.0, 22.0, 55.0, 44.0, 22.0, 55.0, 44.
0] 24.0)), Widg Wait, Close], Turtle ((384.765,361.782),82.0,#000000,0) (54.9665,51.6831,658.347,678.998) 7.0 [Scale 0.857143, Tur
n 0.0, Jump 0.0, Widg (Fast (Poly ((384.765,361.782),82.0,#AAAAFF,6) 4 [22.0, 55.0, 44.0, 22.0, 55.0, 44.0, 22.0, 55.0, 44.0, 22.0
, 55.0, 44.0, 22.0, 55.0, 44.0] 24.0)), Widg Wait, Close], Turtle ((384.765,361.782),82.0,#000000,0) (64.1276,60.297,650.748,670.1
87) 7.0 [Scale 0.833333, Turn 0.0, Jump 0.0, Widg (Fast (Poly ((384.765,361.782),82.0,#AAAAFF,7) 4 [22.0, 55.0, 44.0, 22.0, 55.0, 
44.0, 22.0, 55.0, 44.0, 22.0, 55.0, 44.0, 22.0, 55.0, 44.0] 24.0)), Widg Wait, Close], Turtle ((384.765,361.782),82.0,#000000,0) (
73.2886,68.9108,643.148,661.375) 7.0 [Scale 0.809524, Turn 0.0, Jump 0.0, Widg (Fast (Poly ((384.765,361.782),82.0,#AAAAFF,8) 4 [2
2.0, 55.0, 44.0, 22.0, 55.0, 44.0, 22.0, 55.0, 44.0, 22.0, 55.0, 44.0, 22.0, 55.0, 44.0] 24.0)), Widg Wait, Close], Turtle ((384.7
65,361.782),82.0,#000000,0) (82.4497,77.5247,635.549,652.564) 7.0 [Scale 0.785714, Turn 0.0, Jump 0.0, Widg (Fast (Poly ((384.765,
361.782),82.0,#AAAAFF,9) 4 [22.0, 55.0, 44.0, 22.0, 55.0, 44.0, 22.0, 55.0, 44.0, 22.0, 55.0, 44.0, 22.0, 55.0, 44.0] 24.0)), Widg
 Wait, Close], Turtle ((384.765,361.782),82.0,#000000,0) (91.6108,86.1385,627.949,643.752) 7.0 [Scale 0.761905, Turn 0.0, Jump 0.0
, Widg (Fast (Poly ((384.765,361.782),82.0,#AAAAFF,10) 4 [22.0, 55.0, 44.0, 22.0, 55.0, 44.0, 22.0, 55.0, 44.0, 22.0, 55.0, 44.0, 
22.0, 55.0, 44.0] 24.0)), Widg Wait, Close], Turtle ((384.765,361.782),82.0,#000000,0) (100.772,94.7524,620.35,634.94) 7.0 [Scale 
0.738095, Turn 0.0, Jump 0.0, Widg (Fast (Poly ((384.765,361.782),82.0,#AAAAFF,11) 4 [22.0, 55.0, 44.0, 22.0, 55.0, 44.0, 22.0, 55
.0, 44.0, 22.0, 55.0, 44.0, 22.0, 55.0, 44.0] 24.0)), Widg Wait, Close], Turtle ((384.765,361.782),82.0,#000000,0) (109.933,103.36
6,612.75,626.129) 7.0 [Scale 0.714286, Turn 0.0, Jump 0.0, Widg (Fast (Poly ((384.765,361.782),82.0,#AAAAFF,12) 4 [22.0, 55.0, 44.
0, 22.0, 55.0, 44.0, 22.0, 55.0, 44.0, 22.0, 55.0, 44.0, 22.0, 55.0, 44.0] 24.0)), Widg Wait, Close], Turtle ((384.765,361.782),82
.0,#000000,0) (119.094,111.98,605.151,617.317) 7.0 [Scale 0.690476, Turn 0.0, Jump 0.0, Widg (Fast (Poly ((384.765,361.782),82.0,#
AAAAFF,13) 4 [22.0, 55.0, 44.0, 22.0, 55.0, 44.0, 22.0, 55.0, 44.0, 22.0, 55.0, 44.0, 22.0, 55.0, 44.0] 24.0)), Widg Wait, Close],
 Turtle ((384.765,361.782),82.0,#000000,0) (128.255,120.594,597.551,608.506) 7.0 [Scale 0.666667, Turn 0.0, Jump 0.0, Widg (Fast (
Poly ((384.765,361.782),82.0,#AAAAFF,14) 4 [22.0, 55.0, 44.0, 22.0, 55.0, 44.0, 22.0, 55.0, 44.0, 22.0, 55.0, 44.0, 22.0, 55.0, 44
.0] 24.0)), Widg Wait, Close], Turtle ((384.765,361.782),82.0,#000000,0) (137.416,129.208,589.952,599.694) 7.0 [Scale 0.642857, Tu
rn 0.0, Jump 0.0, Widg (Fast (Poly ((384.765,361.782),82.0,#AAAAFF,15) 4 [22.0, 55.0, 44.0, 22.0, 55.0, 44.0, 22.0, 55.0, 44.0, 22
.0, 55.0, 44.0, 22.0, 55.0, 44.0] 24.0)), Widg Wait, Close], Turtle ((384.765,361.782),82.0,#000000,0) (146.577,137.822,582.352,59
0.883) 7.0 [Scale 0.619048, Turn 0.0, Jump 0.0, Widg (Fast (Poly ((384.765,361.782),82.0,#AAAAFF,16) 4 [22.0, 55.0, 44.0, 22.0, 55
.0, 44.0, 22.0, 55.0, 44.0, 22.0, 55.0, 44.0, 22.0, 55.0, 44.0] 24.0)), Widg Wait, Close], Turtle ((384.765,361.782),82.0,#000000,
0) (155.738,146.436,574.753,582.071) 7.0 [Scale 0.595238, Turn 0.0, Jump 0.0, Widg (Fast (Poly ((384.765,361.782),82.0,#AAAAFF,17)
 4 [22.0, 55.0, 44.0, 22.0, 55.0, 44.0, 22.0, 55.0, 44.0, 22.0, 55.0, 44.0, 22.0, 55.0, 44.0] 24.0)), Widg Wait, Close], Turtle ((
384.765,361.782),82.0,#000000,0) (164.899,155.049,567.153,573.259) 7.0 [Scale 0.571429, Turn 0.0, Jump 0.0, Widg (Fast (Poly ((384
.765,361.782),82.0,#AAAAFF,18) 4 [22.0, 55.0, 44.0, 22.0, 55.0, 44.0, 22.0, 55.0, 44.0, 22.0, 55.0, 44.0, 22.0, 55.0, 44.0] 24.0))
, Widg Wait, Close], Turtle ((384.765,361.782),82.0,#000000,0) (174.061,163.663,559.554,564.448) 7.0 [Scale 0.547619, Turn 0.0, Ju
mp 0.0, Widg (Fast (Poly ((384.765,361.782),82.0,#AAAAFF,19) 4 [22.0, 55.0, 44.0, 22.0, 55.0, 44.0, 22.0, 55.0, 44.0, 22.0, 55.0, 
44.0, 22.0, 55.0, 44.0] 24.0)), Widg Wait, Close], Turtle ((384.765,361.782),82.0,#000000,0) (183.222,172.277,551.954,555.636) 7.0
 [Scale 0.52381, Turn 0.0, Jump 0.0, Widg (Fast (Poly ((384.765,361.782),82.0,#AAAAFF,20) 4 [22.0, 55.0, 44.0, 22.0, 55.0, 44.0, 2
2.0, 55.0, 44.0, 22.0, 55.0, 44.0, 22.0, 55.0, 44.0] 24.0)), Widg Wait, Close], Turtle ((384.765,361.782),82.0,#000000,0) (192.383
,180.891,544.355,546.825) 7.0 [Scale 0.5, Turn 0.0, Jump 0.0, Widg (Fast (Poly ((384.765,361.782),82.0,#AAAAFF,21) 4 [22.0, 55.0, 
44.0, 22.0, 55.0, 44.0, 22.0, 55.0, 44.0, 22.0, 55.0, 44.0, 22.0, 55.0, 44.0] 24.0)), Widg Wait, Close], Turtle ((384.765,361.782)
,82.0,#000000,0) (201.544,189.505,536.755,538.013) 7.0 [Scale 0.47619, Turn 0.0, Jump 0.0, Widg (Fast (Poly ((384.765,361.782),82.
0,#AAAAFF,22) 4 [22.0, 55.0, 44.0, 22.0, 55.0, 44.0, 22.0, 55.0, 44.0, 22.0, 55.0, 44.0, 22.0, 55.0, 44.0] 24.0)), Widg Wait, Clos
e], Turtle ((384.765,361.782),82.0,#000000,0) (210.705,198.119,529.156,529.202) 7.0 [Scale 0.452381, Turn 0.0, Jump 0.0, Widg (Fas
t (Poly ((384.765,361.782),82.0,#AAAAFF,23) 4 [22.0, 55.0, 44.0, 22.0, 55.0, 44.0, 22.0, 55.0, 44.0, 22.0, 55.0, 44.0, 22.0, 55.0,
 44.0] 24.0)), Widg Wait, Close], Turtle ((384.765,361.782),82.0,#000000,0) (219.866,206.733,521.556,520.39) 7.0 [Scale 0.428571, 
Turn 0.0, Jump 0.0, Widg (Fast (Poly ((384.765,361.782),82.0,#AAAAFF,24) 4 [22.0, 55.0, 44.0, 22.0, 55.0, 44.0, 22.0, 55.0, 44.0, 
22.0, 55.0, 44.0, 22.0, 55.0, 44.0] 24.0)), Widg Wait, Close], Turtle ((384.765,361.782),82.0,#000000,0) (229.027,215.346,513.957,
511.579) 7.0 [Scale 0.404762, Turn 0.0, Jump 0.0, Widg (Fast (Poly ((384.765,361.782),82.0,#AAAAFF,25) 4 [22.0, 55.0, 44.0, 22.0, 
55.0, 44.0, 22.0, 55.0, 44.0, 22.0, 55.0, 44.0, 22.0, 55.0, 44.0] 24.0)), Widg Wait, Close], Turtle ((384.765,361.782),82.0,#00000
0,0) (238.188,223.96,506.357,502.767) 7.0 [Scale 0.380952, Turn 0.0, Jump 0.0, Widg (Fast (Poly ((384.765,361.782),82.0,#AAAAFF,26
) 4 [22.0, 55.0, 44.0, 22.0, 55.0, 44.0, 22.0, 55.0, 44.0, 22.0, 55.0, 44.0, 22.0, 55.0, 44.0] 24.0)), Widg Wait, Close], Turtle (
(384.765,361.782),82.0,#000000,0) (247.349,232.574,498.758,493.955) 7.0 [Scale 0.357143, Turn 0.0, Jump 0.0, Widg (Fast (Poly ((38
4.765,361.782),82.0,#AAAAFF,27) 4 [22.0, 55.0, 44.0, 22.0, 55.0, 44.0, 22.0, 55.0, 44.0, 22.0, 55.0, 44.0, 22.0, 55.0, 44.0] 24.0)
), Widg Wait, Close], Turtle ((384.765,361.782),82.0,#000000,0) (256.51,241.188,491.158,485.144) 7.0 [Scale 0.333333, Turn 0.0, Ju
mp 0.0, Widg (Fast (Poly ((384.765,361.782),82.0,#AAAAFF,28) 4 [22.0, 55.0, 44.0, 22.0, 55.0, 44.0, 22.0, 55.0, 44.0, 22.0, 55.0, 
44.0, 22.0, 55.0, 44.0] 24.0)), Widg Wait, Close], Turtle ((384.765,361.782),82.0,#000000,0) (265.671,249.802,483.559,476.332) 7.0
 [Scale 0.309524, Turn 0.0, Jump 0.0, Widg (Fast (Poly ((384.765,361.782),82.0,#AAAAFF,29) 4 [22.0, 55.0, 44.0, 22.0, 55.0, 44.0, 
22.0, 55.0, 44.0, 22.0, 55.0, 44.0, 22.0, 55.0, 44.0] 24.0)), Widg Wait, Close], Turtle ((384.765,361.782),82.0,#000000,0) (274.83
2,258.416,475.959,467.521) 7.0 [Scale 0.285714, Turn 0.0, Jump 0.0, Widg (Fast (Poly ((384.765,361.782),82.0,#AAAAFF,30) 4 [22.0, 
55.0, 44.0, 22.0, 55.0, 44.0, 22.0, 55.0, 44.0, 22.0, 55.0, 44.0, 22.0, 55.0, 44.0] 24.0)), Widg Wait, Close], Turtle ((384.765,36
1.782),82.0,#000000,0) (283.994,267.03,468.36,458.709) 7.0 [Scale 0.261905, Turn 0.0, Jump 0.0, Widg (Fast (Poly ((384.765,361.782
),82.0,#AAAAFF,31) 4 [22.0, 55.0, 44.0, 22.0, 55.0, 44.0, 22.0, 55.0, 44.0, 22.0, 55.0, 44.0, 22.0, 55.0, 44.0] 24.0)), Widg Wait,
 Close], Turtle ((384.765,361.782),82.0,#000000,0) (293.155,275.643,460.76,449.898) 7.0 [Scale 0.238095, Turn 0.0, Jump 0.0, Widg 
(Fast (Poly ((384.765,361.782),82.0,#AAAAFF,32) 4 [22.0, 55.0, 44.0, 22.0, 55.0, 44.0, 22.0, 55.0, 44.0, 22.0, 55.0, 44.0, 22.0, 5
5.0, 44.0] 24.0)), Widg Wait, Close], Turtle ((384.765,361.782),82.0,#000000,0) (302.316,284.257,453.161,441.086) 7.0 [Scale 0.214
286, Turn 0.0, Jump 0.0, Widg (Fast (Poly ((384.765,361.782),82.0,#AAAAFF,33) 4 [22.0, 55.0, 44.0, 22.0, 55.0, 44.0, 22.0, 55.0, 4
4.0, 22.0, 55.0, 44.0, 22.0, 55.0, 44.0] 24.0)), Widg Wait, Close], Turtle ((384.765,361.782),82.0,#000000,0) (311.477,292.871,445
.561,432.274) 7.0 [Scale 0.190476, Turn 0.0, Jump 0.0, Widg (Fast (Poly ((384.765,361.782),82.0,#AAAAFF,34) 4 [22.0, 55.0, 44.0, 2
2.0, 55.0, 44.0, 22.0, 55.0, 44.0, 22.0, 55.0, 44.0, 22.0, 55.0, 44.0] 24.0)), Widg Wait, Close], Turtle ((384.765,361.782),82.0,#
000000,0) (320.638,301.485,437.962,423.463) 7.0 [Scale 0.166667, Turn 0.0, Jump 0.0, Widg (Fast (Poly ((384.765,361.782),82.0,#AAA
AFF,35) 4 [22.0, 55.0, 44.0, 22.0, 55.0, 44.0, 22.0, 55.0, 44.0, 22.0, 55.0, 44.0, 22.0, 55.0, 44.0] 24.0)), Widg Wait, Close], Tu
rtle ((384.765,361.782),82.0,#000000,0) (329.799,310.099,430.362,414.651) 7.0 [Scale 0.142857, Turn 0.0, Jump 0.0, Widg (Fast (Pol
y ((384.765,361.782),82.0,#AAAAFF,36) 4 [22.0, 55.0, 44.0, 22.0, 55.0, 44.0, 22.0, 55.0, 44.0, 22.0, 55.0, 44.0, 22.0, 55.0, 44.0]
 24.0)), Widg Wait, Close], Turtle ((384.765,361.782),82.0,#000000,0) (338.96,318.713,422.763,405.84) 7.0 [Scale 0.119048, Turn 0.
0, Jump 0.0, Widg (Fast (Poly ((384.765,361.782),82.0,#AAAAFF,37) 4 [22.0, 55.0, 44.0, 22.0, 55.0, 44.0, 22.0, 55.0, 44.0, 22.0, 5
5.0, 44.0, 22.0, 55.0, 44.0] 24.0)), Widg Wait, Close], Turtle ((384.765,361.782),82.0,#000000,0) (348.121,327.327,415.163,397.028
) 7.0 [Scale 0.0952381, Turn 0.0, Jump 0.0, Widg (Fast (Poly ((384.765,361.782),82.0,#AAAAFF,38) 4 [22.0, 55.0, 44.0, 22.0, 55.0, 
44.0, 22.0, 55.0, 44.0, 22.0, 55.0, 44.0, 22.0, 55.0, 44.0] 24.0)), Widg Wait, Close], Turtle ((384.765,361.782),82.0,#000000,0) (
357.282,335.94,407.564,388.217) 7.0 [Scale 0.0714286, Turn 0.0, Jump 0.0, Widg (Fast (Poly ((384.765,361.782),82.0,#AAAAFF,39) 4 [
22.0, 55.0, 44.0, 22.0, 55.0, 44.0, 22.0, 55.0, 44.0, 22.0, 55.0, 44.0, 22.0, 55.0, 44.0] 24.0)), Widg Wait, Close], Turtle ((384.
765,361.782),82.0,#000000,0) (366.443,344.554,399.964,379.405) 7.0 [Scale 0.047619, Turn 0.0, Jump 0.0, Widg (Fast (Poly ((384.765
,361.782),82.0,#AAAAFF,40) 4 [22.0, 55.0, 44.0, 22.0, 55.0, 44.0, 22.0, 55.0, 44.0, 22.0, 55.0, 44.0, 22.0, 55.0, 44.0] 24.0)), Wi
dg Wait, Close], Turtle ((384.765,361.782),82.0,#000000,0) (375.604,353.168,392.365,370.593) 7.0 [Scale 0.0238095, Turn 0.0, Jump 
0.0, Widg (Fast (Poly ((384.765,361.782),82.0,#AAAAFF,41) 4 [22.0, 55.0, 44.0, 22.0, 55.0, 44.0, 22.0, 55.0, 44.0, 22.0, 55.0, 44.
0, 22.0, 55.0, 44.0] 24.0)), Widg Wait, Close]],[[], [], [], [], [], [], [], [], [], [], [], [], [], [], [], [], [], [], [], [], [
], [], [], [], [], [], [], [], [], [], [], [], [], [], [], [], [], [], [], [], [], []])