([Rect #000000 23.7 23.7 11.0 11.0 0.0, Rect #000000 91.7 23.7 11.0 11.0 0.0, Rect #000000 159.7 23.7 11.0 11.0 0.0, Rect #000000 
227.7 23.7 11.0 11.0 0.0, Rect #000000 295.7 23.7 11.0 11.0 0.0, Rect #000000 363.7 23.7 11.0 11.0 0.0, Rect #000000 431.7 23.7 11
.0 11.0 0.0, Rect #000000 499.7 23.7 11.0 11.0 0.0, Rect #000000 567.7 23.7 11.0 11.0 0.0, Rect #000000 635.7 23.7 11.0 11.0 0.0, 
Rect #000000 703.7 23.7 11.0 11.0 0.0, Rect #000000 771.7 23.7 11.0 11.0 0.0, Rect #000000 839.7 23.7 11.0 11.0 0.0, Rect #000000 
907.7 23.7 11.0 11.0 0.0, Rect #000000 975.7 23.7 11.0 11.0 0.0, Rect #000000 1043.7 23.7 11.0 11.0 0.0, Rect #000000 1111.7 23.7 
11.0 11.0 0.0, Rect #000000 1179.7 23.7 11.0 11.0 0.0, Rect #000000 1247.7 23.7 11.0 11.0 0.0, Rect #000000 1315.7 23.7 11.0 11.0 
0.0, Rect #000000 23.7 91.7 11.0 11.0 0.0, Rect #000000 91.7 91.7 11.0 11.0 0.0, Rect #000000 159.7 91.7 11.0 11.0 0.0, Rect #0000
00 227.7 91.7 11.0 11.0 0.0, Rect #000000 295.7 91.7 11.0 11.0 0.0, Rect #000000 363.7 91.7 11.0 11.0 0.0, Rect #000000 431.7 91.7
 11.0 11.0 0.0, Rect #000000 499.7 91.7 11.0 11.0 0.0, Rect #000000 567.7 91.7 11.0 11.0 0.0, Rect #000000 635.7 91.7 11.0 11.0 0.
0, Rect #000000 703.7 91.7 11.0 11.0 0.0, Rect #000000 771.7 91.7 11.0 11.0 0.0, Rect #000000 839.7 91.7 11.0 11.0 0.0, Rect #0000
00 907.7 91.7 11.0 11.0 0.0, Rect #000000 975.7 91.7 11.0 11.0 0.0, Rect #000000 1043.7 91.7 11.0 11.0 0.0, Rect #000000 1111.7 91
.7 11.0 11.0 0.0, Rect #000000 1179.7 91.7 11.0 11.0 0.0, Rect #000000 1247.7 91.7 11.0 11.0 0.0, Rect #000000 1315.7 91.7 11.0 11
.0 0.0, Rect #000000 23.7 159.7 11.0 11.0 0.0, Rect #000000 91.7 159.7 11.0 11.0 0.0, Rect #000000 159.7 159.7 11.0 11.0 0.0, Rect
 #000000 227.7 159.7 11.0 11.0 0.0, Rect #000000 295.7 159.7 11.0 11.0 0.0, Rect #000000 363.7 159.7 11.0 11.0 0.0, Rect #000000 4
31.7 159.7 11.0 11.0 0.0, Rect #000000 499.7 159.7 11.0 11.0 0.0, Rect #000000 567.7 159.7 11.0 11.0 0.0, Rect #000000 635.7 159.7
 11.0 11.0 0.0, Rect #000000 703.7 159.7 11.0 11.0 0.0, Rect #000000 771.7 159.7 11.0 11.0 0.0, Rect #000000 839.7 159.7 11.0 11.0
 0.0, Rect #000000 907.7 159.7 11.0 11.0 0.0, Rect #000000 975.7 159.7 11.0 11.0 0.0, Rect #000000 1043.7 159.7 11.0 11.0 0.0, Rec
t #000000 1111.7 159.7 11.0 11.0 0.0, Rect #000000 1179.7 159.7 11.0 11.0 0.0, Rect #000000 1247.7 159.7 11.0 11.0 0.0, Rect #0000
00 1315.7 159.7 11.0 11.0 0.0, Rect #000000 23.7 227.7 11.0 11.0 0.0, Rect #000000 91.7 227.7 11.0 11.0 0.0, Rect #000000 159.7 22
7.7 11.0 11.0 0.0, Rect #000000 227.7 227.7 11.0 11.0 0.0, Rect #000000 23.7 295.7 11.0 11.0 0.0, Rect #000000 91.7 295.7 11.0 11.
0 0.0, Rect #000000 159.7 295.7 11.0 11.0 0.0, Rect #000000 23.7 363.7 11.0 11.0 0.0, Rect #000000 91.7 363.7 11.0 11.0 0.0, Rect 
#000000 159.7 363.7 11.0 11.0 0.0, Rect #000000 23.7 431.7 11.0 11.0 0.0, Rect #000000 91.7 431.7 11.0 11.0 0.0, Rect #000000 159.
7 431.7 11.0 11.0 0.0, Rect #000000 23.7 499.7 11.0 11.0 0.0, Rect #000000 91.7 499.7 11.0 11.0 0.0, Rect #000000 159.7 499.7 11.0
 11.0 0.0, Rect #000000 23.7 567.7 11.0 11.0 0.0, Rect #000000 91.7 567.7 11.0 11.0 0.0, Rect #000000 159.7 567.7 11.0 11.0 0.0, R
ect #000000 23.7 635.7 11.0 11.0 0.0, Rect #000000 91.7 635.7 11.0 11.0 0.0, Rect #000000 159.7 635.7 11.0 11.0 0.0, Rect #000000 
23.7 703.7 11.0 11.0 0.0, Rect #000000 91.7 703.7 11.0 11.0 0.0, Rect #000000 159.7 703.7 11.0 11.0 0.0, Rect #000000 23.7 771.7 1
1.0 11.0 0.0, Rect #000000 91.7 771.7 11.0 11.0 0.0, Rect #000000 159.7 771.7 11.0 11.0 0.0, Rect #000000 23.7 839.7 11.0 11.0 0.0
, Rect #000000 91.7 839.7 11.0 11.0 0.0, Rect #000000 159.7 839.7 11.0 11.0 0.0, Rect #000000 23.7 907.7 11.0 11.0 0.0, Rect #0000
00 91.7 907.7 11.0 11.0 0.0, Rect #000000 159.7 907.7 11.0 11.0 0.0, Rect #000000 23.7 975.7 11.0 11.0 0.0, Rect #000000 91.7 975.
7 11.0 11.0 0.0, Rect #000000 159.7 975.7 11.0 11.0 0.0, Rect #000000 23.7 1043.7 11.0 11.0 0.0, Rect #000000 91.7 1043.7 11.0 11.
0 0.0, Rect #000000 159.7 1043.7 11.0 11.0 0.0, Rect #000000 23.7 1111.7 11.0 11.0 0.0, Rect #000000 91.7 1111.7 11.0 11.0 0.0, Re
ct #000000 159.7 1111.7 11.0 11.0 0.0, Rect #000000 23.7 1179.7 11.0 11.0 0.0, Rect #000000 91.7 1179.7 11.0 11.0 0.0, Rect #00000
0 159.7 1179.7 11.0 11.0 0.0, Rect #000000 23.7 1247.7 11.0 11.0 0.0, Rect #000000 91.7 1247.7 11.0 11.0 0.0, Rect #000000 159.7 1
247.7 11.0 11.0 0.0, Rect #000000 23.7 1315.7 11.0 11.0 0.0, Rect #000000 91.7 1315.7 11.0 11.0 0.0, Rect #000000 159.7 1315.7 11.
0 11.0 0.0, Rect #000000 23.7 1383.7 11.0 11.0 0.0, Rect #000000 91.7 1383.7 11.0 11.0 0.0, Rect #000000 159.7 1383.7 11.0 11.0 0.
0, Rect #000000 23.7 1451.7 11.0 11.0 0.0, Rect #000000 91.7 1451.7 11.0 11.0 0.0, Rect #000000 159.7 1451.7 11.0 11.0 0.0, Rect #
000000 23.7 1519.7 11.0 11.0 0.0, Rect #000000 91.7 1519.7 11.0 11.0 0.0, Rect #000000 159.7 1519.7 11.0 11.0 0.0, Rect #000000 23
.7 1587.7 11.0 11.0 0.0, Rect #000000 91.7 1587.7 11.0 11.0 0.0, Rect #000000 159.7 1587.7 11.0 11.0 0.0, Rect #000000 23.7 1655.7
 11.0 11.0 0.0, Rect #000000 91.7 1655.7 11.0 11.0 0.0, Rect #000000 159.7 1655.7 11.0 11.0 0.0, Rect #000000 23.7 1723.7 11.0 11.
0 0.0],[[], [], [], [], [], [], [], [], [], [], [], [], [], [], [], [], [], [], [], [], [], [], [], [], [], [], [], [], [], [], []
, [], [], [], [], [], [], [], [], [], [], [], [], [], [], [], [], [], [], [], [], [], [], [], [], [], [], [], [], [], [], [], [], 
[], [], [], [], [], [], [], [], [], [], [], [], [], [], [], [], [], [], [], [], [], [], [], [], [], [], [], [], [], [], [], [], []
, [], [], [], [], [], [], [], [], [], [], [], [], [], [], [], [], [], [], [], [], [], [], [], [], [], [], [], [], [], [], [], []])