([Circ ((144.25,11.0),0.0,#FF0000,0) 11.0, Turtle ((144.25,80.5),0.0,#000000,0) 1.0 [Widg (Text_ ((144.25,80.5),0.0,#000000,0) ["e
ps"]), Widg (Path0 ((144.25,80.5),0.0,#C8C8C8,0) 4 [(-20.0,-13.5), (20.0,-13.5), (20.0,13.5), (-20.0,13.5), (-20.0,-13.5)])], Dot 
#FF0000 (60.75,144.0), Circ ((189.75,145.0),0.0,#AA00FF,0) 11.0, Turtle ((189.75,199.5),0.0,#000000,0) 1.0 [Widg (Text_ ((189.75,1
99.5),0.0,#000000,0) ["eps"]), Widg (Path0 ((189.75,199.5),0.0,#C8C8C8,0) 4 [(-20.0,-13.5), (20.0,-13.5), (20.0,13.5), (-20.0,13.5
), (-20.0,-13.5)])], Circ ((82.5,254.0),0.0,#00FF00,0) 11.0, Turtle ((82.5,308.5),0.0,#000000,0) 1.0 [Widg (Text_ ((82.5,308.5),0.
0,#000000,0) ["b"]), Widg (Path0 ((82.5,308.5),0.0,#C8C8C8,0) 4 [(-10.5,-13.5), (10.5,-13.5), (10.5,13.5), (-10.5,13.5), (-10.5,-1
3.5)])], Circ ((82.5,363.0),0.0,#FFAA00,0) 11.0, Turtle ((82.5,417.5),0.0,#000000,0) 1.0 [Widg (Text_ ((82.5,417.5),0.0,#000000,0)
 ["c"]), Widg (Path0 ((82.5,417.5),0.0,#C8C8C8,0) 4 [(-10.0,-13.5), (10.0,-13.5), (10.0,13.5), (-10.0,13.5), (-10.0,-13.5)])], Cir
c ((82.5,472.0),0.0,#AAFF00,0) 11.0, Turtle ((82.5,526.5),0.0,#000000,0) 1.0 [Widg (Text_ ((82.5,526.5),0.0,#000000,0) ["eps"]), W
idg (Path0 ((82.5,526.5),0.0,#C8C8C8,0) 4 [(-20.0,-13.5), (20.0,-13.5), (20.0,13.5), (-20.0,13.5), (-20.0,-13.5)])], Dot #FF0000 (
170.0,594.0), Dot #FF0000 (5.0,380.0), Circ ((297.0,254.0),0.0,#00AAFF,0) 11.0, Turtle ((297.0,308.5),0.0,#000000,0) 1.0 [Widg (Te
xt_ ((297.0,308.5),0.0,#000000,0) ["a"]), Widg (Path0 ((297.0,308.5),0.0,#C8C8C8,0) 4 [(-9.5,-13.5), (9.5,-13.5), (9.5,13.5), (-9.
5,13.5), (-9.5,-13.5)])], Circ ((297.0,363.0),0.0,#00FFAA,0) 11.0, Turtle ((297.0,417.5),0.0,#000000,0) 1.0 [Widg (Text_ ((297.0,4
17.5),0.0,#000000,0) ["eps"]), Widg (Path0 ((297.0,417.5),0.0,#C8C8C8,0) 4 [(-20.0,-13.5), (20.0,-13.5), (20.0,13.5), (-20.0,13.5)
, (-20.0,-13.5)])], Circ ((254.5,512.0),0.0,#0000FF,0) 11.0, Turtle ((254.5,566.5),0.0,#000000,0) 1.0 [Widg (Text_ ((254.5,566.5),
0.0,#000000,0) ["eps"]), Widg (Path0 ((254.5,566.5),0.0,#C8C8C8,0) 4 [(-20.0,-13.5), (20.0,-13.5), (20.0,13.5), (-20.0,13.5), (-20
.0,-13.5)])], Circ ((204.0,620.0),0.0,#FF00AA,0) 11.0, Dot #FF0000 (345.0,174.0), Dot #FF0000 (222.5,325.0), Dot #FF0000 (365.25,4
96.25)],[[1], [2, 3], [19], [4], [5, 13], [6], [7], [8], [9], [10], [11, 12], [17], [5], [14], [15], [16], [17, 21], [18], [22, 19
], [], [3], [13], [20]])