([Turtle ((143.0,13.5),0.0,#00A0FF,0) 1.0 [Widg (Text_ ((143.0,13.5),0.0,#00A0FF,0) ["0"]), Widg (Path0 ((143.0,13.5),0.0,#FF5F00,
0) 4 [(-5.0,-6.75), (5.0,-6.75), (5.0,6.75), (-5.0,6.75), (-5.0,-6.75)])], Turtle ((143.0,73.5),0.0,#FF5F00,0) 1.0 [Widg (Text_ ((
143.0,73.5),0.0,#FF5F00,0) ["eps"]), Widg (Path0 ((143.0,73.5),0.0,#00A0FF,0) 4 [(-10.0,-6.75), (10.0,-6.75), (10.0,6.75), (-10.0,
6.75), (-10.0,-6.75)])], Dot #FF0000 (5.0,322.5), Turtle ((163.0,133.5),0.0,#00A0FF,0) 1.0 [Widg (Text_ ((163.0,133.5),0.0,#00A0FF
,0) ["2"]), Widg (Path0 ((163.0,133.5),0.0,#FF5F00,0) 4 [(-5.0,-6.75), (5.0,-6.75), (5.0,6.75), (-5.0,6.75), (-5.0,-6.75)])], Turt
le ((163.0,193.5),0.0,#FF5F00,0) 1.0 [Widg (Text_ ((163.0,193.5),0.0,#FF5F00,0) ["eps"]), Widg (Path0 ((163.0,193.5),0.0,#00A0FF,0
) 4 [(-10.0,-6.75), (10.0,-6.75), (10.0,6.75), (-10.0,6.75), (-10.0,-6.75)])], Turtle ((115.0,253.5),0.0,#00A0FF,0) 1.0 [Widg (Tex
t_ ((115.0,253.5),0.0,#00A0FF,0) ["6"]), Widg (Path0 ((115.0,253.5),0.0,#FF5F00,0) 4 [(-5.0,-6.75), (5.0,-6.75), (5.0,6.75), (-5.0
,6.75), (-5.0,-6.75)])], Turtle ((115.0,313.5),0.0,#FF5F00,0) 1.0 [Widg (Text_ ((115.0,313.5),0.0,#FF5F00,0) ["b"]), Widg (Path0 (
(115.0,313.5),0.0,#00A0FF,0) 4 [(-5.25,-6.75), (5.25,-6.75), (5.25,6.75), (-5.25,6.75), (-5.25,-6.75)])], Turtle ((115.0,373.5),0.
0,#00A0FF,0) 1.0 [Widg (Text_ ((115.0,373.5),0.0,#00A0FF,0) ["8"]), Widg (Path0 ((115.0,373.5),0.0,#FF5F00,0) 4 [(-5.0,-6.75), (5.
0,-6.75), (5.0,6.75), (-5.0,6.75), (-5.0,-6.75)])], Turtle ((115.0,433.5),0.0,#FF5F00,0) 1.0 [Widg (Text_ ((115.0,433.5),0.0,#FF5F
00,0) ["c"]), Widg (Path0 ((115.0,433.5),0.0,#00A0FF,0) 4 [(-5.0,-6.75), (5.0,-6.75), (5.0,6.75), (-5.0,6.75), (-5.0,-6.75)])], Tu
rtle ((115.0,490.5),0.0,#00A0FF,0) 1.0 [Widg (Text_ ((115.0,490.5),0.0,#00A0FF,0) ["7"]), Widg (Path0 ((115.0,490.5),0.0,#FF5F00,0
) 4 [(-5.0,-6.75), (5.0,-6.75), (5.0,6.75), (-5.0,6.75), (-5.0,-6.75)])], Turtle ((115.0,553.5),0.0,#FF5F00,0) 1.0 [Widg (Text_ ((
115.0,553.5),0.0,#FF5F00,0) ["eps"]), Widg (Path0 ((115.0,553.5),0.0,#00A0FF,0) 4 [(-10.0,-6.75), (10.0,-6.75), (10.0,6.75), (-10.
0,6.75), (-10.0,-6.75)])], Dot #FF0000 (169.0,535.5), Dot #FF0000 (37.0,433.5), Turtle ((213.0,253.5),0.0,#00A0FF,0) 1.0 [Widg (Te
xt_ ((213.0,253.5),0.0,#00A0FF,0) ["4"]), Widg (Path0 ((213.0,253.5),0.0,#FF5F00,0) 4 [(-5.0,-6.75), (5.0,-6.75), (5.0,6.75), (-5.
0,6.75), (-5.0,-6.75)])], Turtle ((213.0,313.5),0.0,#FF5F00,0) 1.0 [Widg (Text_ ((213.0,313.5),0.0,#FF5F00,0) ["a"]), Widg (Path0 
((213.0,313.5),0.0,#00A0FF,0) 4 [(-4.75,-6.75), (4.75,-6.75), (4.75,6.75), (-4.75,6.75), (-4.75,-6.75)])], Turtle ((213.0,373.5),0
.0,#00A0FF,0) 1.0 [Widg (Text_ ((213.0,373.5),0.0,#00A0FF,0) ["5"]), Widg (Path0 ((213.0,373.5),0.0,#FF5F00,0) 4 [(-5.0,-6.75), (5
.0,-6.75), (5.0,6.75), (-5.0,6.75), (-5.0,-6.75)])], Turtle ((213.0,433.5),0.0,#FF5F00,0) 1.0 [Widg (Text_ ((213.0,433.5),0.0,#FF5
F00,0) ["eps"]), Widg (Path0 ((213.0,433.5),0.0,#00A0FF,0) 4 [(-10.0,-6.75), (10.0,-6.75), (10.0,6.75), (-10.0,6.75), (-10.0,-6.75
)])], Turtle ((213.0,501.5),0.0,#00A0FF,0) 1.0 [Widg (Text_ ((213.0,501.5),0.0,#00A0FF,0) ["3"]), Widg (Path0 ((213.0,501.5),0.0,#
FF5F00,0) 4 [(-5.0,-6.75), (5.0,-6.75), (5.0,6.75), (-5.0,6.75), (-5.0,-6.75)])], Turtle ((213.0,577.5),0.0,#FF5F00,0) 1.0 [Widg (
Text_ ((213.0,577.5),0.0,#FF5F00,0) ["eps"]), Widg (Path0 ((213.0,577.5),0.0,#00A0FF,0) 4 [(-10.0,-6.75), (10.0,-6.75), (10.0,6.75
), (-10.0,6.75), (-10.0,-6.75)])], Turtle ((127.0,634.5),0.0,#00A0FF,0) 1.0 [Widg (Text_ ((127.0,634.5),0.0,#00A0FF,0) ["1"]), Wid
g (Path0 ((127.0,634.5),0.0,#FF5F00,0) 4 [(-5.0,-6.75), (5.0,-6.75), (5.0,6.75), (-5.0,6.75), (-5.0,-6.75)])], Dot #FF0000 (357.0,
529.5), Dot #FF0000 (337.0,384.5), Dot #FF0000 (12.5,585.0), Dot #FF0000 (357.5,236.5)],[[1], [2, 3], [22], [4], [5, 13], [6], [7]
, [8], [9], [10], [11, 12], [17], [5], [14], [15], [16], [17, 21], [18], [19, 20], [], [23], [13], [19], [3]])